1.000000e+00    3.138703e-02
6.000000e+00    6.691647e-03
1.100000e+01    5.991239e-03
1.600000e+01    5.545979e-03
2.100000e+01    5.230481e-03
2.600000e+01    4.990617e-03
3.100000e+01    4.799731e-03
3.600000e+01    4.641253e-03
4.100000e+01    4.506065e-03
4.600000e+01    4.388822e-03
5.100000e+01    4.286080e-03
5.600000e+01    4.194090e-03
6.100000e+01    4.110958e-03
6.600000e+01    4.035158e-03
7.100000e+01    3.965594e-03
7.600000e+01    3.901900e-03
8.100000e+01    3.844771e-03
8.600000e+01    3.790133e-03
9.100000e+01    3.738688e-03
9.600000e+01    3.690595e-03
1.010000e+02    3.646538e-03
1.060000e+02    3.604571e-03
1.110000e+02    3.563868e-03
1.160000e+02    3.525902e-03
1.210000e+02    3.489496e-03
1.260000e+02    3.455118e-03
1.310000e+02    3.421891e-03
1.360000e+02    3.390631e-03
1.410000e+02    3.360705e-03
1.460000e+02    3.331641e-03
1.510000e+02    3.303544e-03
1.560000e+02    3.276419e-03
1.610000e+02    3.251042e-03
1.660000e+02    3.225955e-03
1.710000e+02    3.202355e-03
1.760000e+02    3.178511e-03
1.810000e+02    3.155414e-03
1.860000e+02    3.134385e-03
1.910000e+02    3.113198e-03
1.960000e+02    3.092962e-03
2.010000e+02    3.073325e-03
2.060000e+02    3.053719e-03
2.110000e+02    3.034993e-03
2.160000e+02    3.016743e-03
2.210000e+02    2.998274e-03
2.260000e+02    2.980583e-03
2.310000e+02    2.964406e-03
2.360000e+02    2.946972e-03
2.410000e+02    2.931968e-03
2.460000e+02    2.916357e-03
2.510000e+02    2.901064e-03
2.560000e+02    2.886149e-03
2.610000e+02    2.871550e-03
2.660000e+02    2.856553e-03
2.710000e+02    2.842541e-03
2.760000e+02    2.829285e-03
2.810000e+02    2.815697e-03
2.860000e+02    2.803148e-03
2.910000e+02    2.790348e-03
2.960000e+02    2.777226e-03
3.010000e+02    2.765471e-03
3.060000e+02    2.753618e-03
3.110000e+02    2.742066e-03
3.160000e+02    2.730249e-03
3.210000e+02    2.719310e-03
3.260000e+02    2.707535e-03
3.310000e+02    2.696349e-03
3.360000e+02    2.685220e-03
3.410000e+02    2.676038e-03
3.460000e+02    2.665697e-03
3.510000e+02    2.655463e-03
3.560000e+02    2.645000e-03
3.610000e+02    2.635788e-03
3.660000e+02    2.626094e-03
3.710000e+02    2.616077e-03
3.760000e+02    2.606523e-03
3.810000e+02    2.597405e-03
3.860000e+02    2.588587e-03
3.910000e+02    2.579166e-03
3.960000e+02    2.570801e-03
4.010000e+02    2.561417e-03
4.060000e+02    2.552814e-03
4.110000e+02    2.543522e-03
4.160000e+02    2.536693e-03
4.210000e+02    2.528252e-03
4.260000e+02    2.520166e-03
4.310000e+02    2.512087e-03
4.360000e+02    2.503916e-03
4.410000e+02    2.495810e-03
4.460000e+02    2.488480e-03
4.510000e+02    2.480841e-03
4.560000e+02    2.473300e-03
4.610000e+02    2.465883e-03
4.660000e+02    2.458698e-03
4.710000e+02    2.451917e-03
4.760000e+02    2.444360e-03
4.810000e+02    2.437852e-03
4.860000e+02    2.429562e-03
4.910000e+02    2.422889e-03
4.960000e+02    2.416720e-03
5.010000e+02    2.409556e-03
5.060000e+02    2.402872e-03
5.110000e+02    2.396268e-03
5.160000e+02    2.390038e-03
5.210000e+02    2.383905e-03
5.260000e+02    2.377495e-03
5.310000e+02    2.367147e-03
5.360000e+02    2.362210e-03
5.410000e+02    2.355270e-03
5.460000e+02    2.349645e-03
5.510000e+02    2.344010e-03
5.560000e+02    2.337401e-03
5.610000e+02    2.331820e-03
5.660000e+02    2.325788e-03
5.710000e+02    2.320570e-03
5.760000e+02    2.315329e-03
5.810000e+02    2.309157e-03
5.860000e+02    2.303607e-03
5.910000e+02    2.301096e-03
5.960000e+02    2.295782e-03
6.010000e+02    2.290378e-03
6.060000e+02    2.284822e-03
6.110000e+02    2.279564e-03
6.160000e+02    2.274812e-03
6.210000e+02    2.269474e-03
6.260000e+02    2.264910e-03
6.310000e+02    2.259984e-03
6.360000e+02    2.254776e-03
6.410000e+02    2.249215e-03
6.460000e+02    2.244655e-03
6.510000e+02    2.239282e-03
6.560000e+02    2.234086e-03
6.610000e+02    2.229435e-03
6.660000e+02    2.225472e-03
6.710000e+02    2.220234e-03
6.760000e+02    2.216074e-03
6.810000e+02    2.212084e-03
6.860000e+02    2.207571e-03
6.910000e+02    2.199646e-03
6.960000e+02    2.195416e-03
7.010000e+02    2.190285e-03
7.060000e+02    2.182594e-03
7.110000e+02    2.177992e-03
7.160000e+02    2.174024e-03
7.210000e+02    2.169260e-03
7.260000e+02    2.165154e-03
7.310000e+02    2.161203e-03
7.360000e+02    2.156642e-03
7.410000e+02    2.152770e-03
7.460000e+02    2.147961e-03
7.510000e+02    2.144205e-03
7.560000e+02    2.140050e-03
7.610000e+02    2.135854e-03
7.660000e+02    2.131925e-03
7.710000e+02    2.127830e-03
7.760000e+02    2.123961e-03
7.810000e+02    2.120204e-03
7.860000e+02    2.115995e-03
7.910000e+02    2.112749e-03
7.960000e+02    2.109193e-03
8.010000e+02    2.104906e-03
8.060000e+02    2.101117e-03
8.110000e+02    2.096930e-03
8.160000e+02    2.092950e-03
8.210000e+02    2.088712e-03
8.260000e+02    2.085389e-03
8.310000e+02    2.082141e-03
8.360000e+02    2.078437e-03
8.410000e+02    2.074586e-03
8.460000e+02    2.070931e-03
8.510000e+02    2.067465e-03
8.560000e+02    2.064544e-03
8.610000e+02    2.060644e-03
8.660000e+02    2.057079e-03
8.710000e+02    2.054161e-03
8.760000e+02    2.050479e-03
8.810000e+02    2.047366e-03
8.860000e+02    2.043496e-03
8.910000e+02    2.040240e-03
8.960000e+02    2.036601e-03
9.010000e+02    2.039877e-03
9.060000e+02    2.030359e-03
9.110000e+02    2.026909e-03
9.160000e+02    2.030942e-03
9.210000e+02    2.027473e-03
9.260000e+02    2.024503e-03
9.310000e+02    2.021364e-03
9.360000e+02    2.018515e-03
9.410000e+02    2.007840e-03
9.460000e+02    2.011493e-03
9.510000e+02    2.008814e-03
9.560000e+02    2.005971e-03
9.610000e+02    2.002937e-03
9.660000e+02    1.999946e-03
9.710000e+02    1.996798e-03
9.760000e+02    1.994336e-03
9.810000e+02    1.991542e-03
9.860000e+02    1.988407e-03
9.910000e+02    1.985516e-03
9.960000e+02    1.982959e-03
1.001000e+03    1.978830e-03
1.006000e+03    1.976409e-03
1.011000e+03    1.969259e-03
1.016000e+03    1.966888e-03
1.021000e+03    1.967544e-03
1.026000e+03    1.961049e-03
1.031000e+03    1.957905e-03
1.036000e+03    1.955676e-03
1.041000e+03    1.952340e-03
1.046000e+03    1.950006e-03
1.051000e+03    1.947923e-03
1.056000e+03    1.945121e-03
1.061000e+03    1.941193e-03
1.066000e+03    1.939557e-03
1.071000e+03    1.935786e-03
1.076000e+03    1.933757e-03
1.081000e+03    1.930728e-03
1.086000e+03    1.929158e-03
1.091000e+03    1.925487e-03
1.096000e+03    1.924040e-03
1.101000e+03    1.920362e-03
1.106000e+03    1.917987e-03
1.111000e+03    1.915748e-03
1.116000e+03    1.913357e-03
1.121000e+03    1.910579e-03
1.126000e+03    1.908970e-03
1.131000e+03    1.906161e-03
1.136000e+03    1.902956e-03
1.141000e+03    1.901174e-03
1.146000e+03    1.897914e-03
1.151000e+03    1.895417e-03
1.156000e+03    1.893155e-03
1.161000e+03    1.891088e-03
1.166000e+03    1.888873e-03
1.171000e+03    1.885692e-03
1.176000e+03    1.882703e-03
1.181000e+03    1.880756e-03
1.186000e+03    1.878573e-03
1.191000e+03    1.876167e-03
1.196000e+03    1.874881e-03
1.201000e+03    1.871966e-03
1.206000e+03    1.869727e-03
1.211000e+03    1.867405e-03
1.216000e+03    1.864738e-03
1.221000e+03    1.863064e-03
1.226000e+03    1.860572e-03
1.231000e+03    1.858194e-03
1.236000e+03    1.856114e-03
1.241000e+03    1.853997e-03
1.246000e+03    1.851813e-03
1.251000e+03    1.849597e-03
1.256000e+03    1.847694e-03
1.261000e+03    1.845593e-03
1.266000e+03    1.843496e-03
1.271000e+03    1.841351e-03
1.276000e+03    1.839320e-03
1.281000e+03    1.836561e-03
1.286000e+03    1.834883e-03
1.291000e+03    1.832993e-03
1.296000e+03    1.830231e-03
1.301000e+03    1.829459e-03
1.306000e+03    1.826628e-03
1.311000e+03    1.825306e-03
1.316000e+03    1.822697e-03
1.321000e+03    1.820338e-03
1.326000e+03    1.818274e-03
1.331000e+03    1.816208e-03
1.336000e+03    1.813996e-03
1.341000e+03    1.811959e-03
1.346000e+03    1.809679e-03
1.351000e+03    1.808251e-03
1.356000e+03    1.805973e-03
1.361000e+03    1.803717e-03
1.366000e+03    1.803020e-03
1.371000e+03    1.798945e-03
1.376000e+03    1.797295e-03
1.381000e+03    1.795133e-03
1.386000e+03    1.794075e-03
1.391000e+03    1.790723e-03
1.396000e+03    1.789159e-03
1.401000e+03    1.786787e-03
1.406000e+03    1.784816e-03
1.411000e+03    1.783276e-03
1.416000e+03    1.781799e-03
1.421000e+03    1.779563e-03
1.426000e+03    1.778521e-03
1.431000e+03    1.775619e-03
1.436000e+03    1.773004e-03
1.441000e+03    1.770738e-03
1.446000e+03    1.768977e-03
1.451000e+03    1.767595e-03
1.456000e+03    1.766064e-03
1.461000e+03    1.765207e-03
1.466000e+03    1.762658e-03
1.471000e+03    1.760938e-03
1.476000e+03    1.759033e-03
1.481000e+03    1.757167e-03
1.486000e+03    1.755334e-03
1.491000e+03    1.754949e-03
1.496000e+03    1.751832e-03
