1.000000e-02    1.476562e+01
2.000000e-02    6.714241e+00
3.000000e-02    4.215869e+00
4.000000e-02    3.023720e+00
5.000000e-02    2.333334e+00
6.000000e-02    1.886221e+00
7.000000e-02    1.574638e+00
8.000000e-02    1.345937e+00
9.000000e-02    1.171443e+00
1.000000e-01    1.034254e+00
1.100000e-01    9.237541e-01
1.200000e-01    8.330076e-01
1.300000e-01    7.572539e-01
1.400000e-01    6.931446e-01
1.500000e-01    6.382381e-01
1.600000e-01    5.907267e-01
1.700000e-01    5.492455e-01
1.800000e-01    5.127484e-01
1.900000e-01    4.804049e-01
2.000000e-01    4.515636e-01
2.100000e-01    4.257016e-01
2.200000e-01    4.023862e-01
2.300000e-01    3.812712e-01
2.400000e-01    3.620656e-01
2.500000e-01    3.445304e-01
2.600000e-01    3.284615e-01
2.700000e-01    3.136890e-01
2.800000e-01    3.000657e-01
2.900000e-01    2.874644e-01
3.000000e-01    2.757808e-01
3.100000e-01    2.649211e-01
3.200000e-01    2.548018e-01
3.300000e-01    2.453516e-01
3.400000e-01    2.365092e-01
3.500000e-01    2.282193e-01
3.600000e-01    2.204334e-01
3.700000e-01    2.131081e-01
3.800000e-01    2.062047e-01
3.900000e-01    1.996890e-01
4.000000e-01    1.935309e-01
4.100000e-01    1.877025e-01
4.200000e-01    1.821781e-01
4.300000e-01    1.769363e-01
4.400000e-01    1.719565e-01
4.500000e-01    1.672202e-01
4.600000e-01    1.627100e-01
4.700000e-01    1.584108e-01
4.800000e-01    1.543081e-01
4.900000e-01    1.503902e-01
5.000000e-01    1.466449e-01
5.100000e-01    1.430616e-01
5.200000e-01    1.396313e-01
5.300000e-01    1.363426e-01
5.400000e-01    1.331879e-01
5.500000e-01    1.301599e-01
5.600000e-01    1.272515e-01
5.700000e-01    1.244557e-01
5.800000e-01    1.217664e-01
5.900000e-01    1.191778e-01
6.000000e-01    1.166845e-01
6.100000e-01    1.142816e-01
6.200000e-01    1.119644e-01
6.300000e-01    1.097286e-01
6.400000e-01    1.075702e-01
6.500000e-01    1.054853e-01
6.600000e-01    1.034704e-01
6.700000e-01    1.015222e-01
6.800000e-01    9.963720e-02
6.900000e-01    9.781303e-02
7.000000e-01    9.604663e-02
7.100000e-01    9.433533e-02
7.200000e-01    9.267695e-02
7.300000e-01    9.106903e-02
7.400000e-01    8.950990e-02
7.500000e-01    8.799638e-02
7.600000e-01    8.652735e-02
7.700000e-01    8.510048e-02
7.800000e-01    8.371428e-02
7.900000e-01    8.236708e-02
8.000000e-01    8.105733e-02
8.100000e-01    7.978355e-02
8.200000e-01    7.854429e-02
8.300000e-01    7.733833e-02
8.400000e-01    7.616435e-02
8.500000e-01    7.502115e-02
8.600000e-01    7.390755e-02
8.700000e-01    7.282247e-02
8.800000e-01    7.176488e-02
8.900000e-01    7.073374e-02
9.000000e-01    6.972819e-02
9.100000e-01    6.874729e-02
9.200000e-01    6.779017e-02
9.300000e-01    6.685599e-02
9.400000e-01    6.594398e-02
9.500000e-01    6.505342e-02
9.600000e-01    6.418354e-02
9.700000e-01    6.333365e-02
9.800000e-01    6.250332e-02
9.900000e-01    6.169187e-02
1.000000e+00    6.089834e-02
1.010000e+00    6.012239e-02
1.020000e+00    5.936335e-02
1.030000e+00    5.862092e-02
1.040000e+00    5.789450e-02
1.050000e+00    5.718348e-02
1.060000e+00    5.648756e-02
1.070000e+00    5.580619e-02
1.080000e+00    5.513894e-02
1.090000e+00    5.448541e-02
1.100000e+00    5.384521e-02
1.110000e+00    5.321792e-02
1.120000e+00    5.260320e-02
1.130000e+00    5.200064e-02
1.140000e+00    5.140998e-02
1.150000e+00    5.083083e-02
1.160000e+00    5.026289e-02
1.170000e+00    4.970586e-02
1.180000e+00    4.915940e-02
1.190000e+00    4.862327e-02
1.200000e+00    4.809717e-02
1.210000e+00    4.758084e-02
1.220000e+00    4.707402e-02
1.230000e+00    4.657644e-02
1.240000e+00    4.608791e-02
1.250000e+00    4.560816e-02
1.260000e+00    4.513698e-02
1.270000e+00    4.467413e-02
1.280000e+00    4.421943e-02
1.290000e+00    4.377267e-02
1.300000e+00    4.333352e-02
1.310000e+00    4.290202e-02
1.320000e+00    4.247787e-02
1.330000e+00    4.206097e-02
1.340000e+00    4.165102e-02
1.350000e+00    4.124790e-02
1.360000e+00    4.085144e-02
1.370000e+00    4.046152e-02
1.380000e+00    4.007796e-02
1.390000e+00    3.970062e-02
1.400000e+00    3.932936e-02
1.410000e+00    3.896406e-02
1.420000e+00    3.860454e-02
1.430000e+00    3.825069e-02
1.440000e+00    3.790240e-02
1.450000e+00    3.755952e-02
1.460000e+00    3.722196e-02
1.470000e+00    3.688957e-02
1.480000e+00    3.656225e-02
1.490000e+00    3.623990e-02
1.500000e+00    3.592240e-02
1.510000e+00    3.560965e-02
1.520000e+00    3.530156e-02
1.530000e+00    3.499801e-02
1.540000e+00    3.469891e-02
1.550000e+00    3.440418e-02
1.560000e+00    3.411373e-02
1.570000e+00    3.382746e-02
1.580000e+00    3.354529e-02
1.590000e+00    3.326712e-02
1.600000e+00    3.299290e-02
1.610000e+00    3.272253e-02
1.620000e+00    3.245594e-02
1.630000e+00    3.219305e-02
1.640000e+00    3.193379e-02
1.650000e+00    3.167808e-02
1.660000e+00    3.142586e-02
1.670000e+00    3.117707e-02
1.680000e+00    3.093155e-02
1.690000e+00    3.068939e-02
1.700000e+00    3.045046e-02
1.710000e+00    3.021470e-02
1.720000e+00    2.998205e-02
1.730000e+00    2.975246e-02
1.740000e+00    2.952592e-02
1.750000e+00    2.930225e-02
1.760000e+00    2.908149e-02
1.770000e+00    2.886353e-02
1.780000e+00    2.864836e-02
1.790000e+00    2.843591e-02
1.800000e+00    2.822617e-02
1.810000e+00    2.801905e-02
1.820000e+00    2.781459e-02
1.830000e+00    2.761298e-02
1.840000e+00    2.741346e-02
1.850000e+00    2.721642e-02
1.860000e+00    2.702171e-02
1.870000e+00    2.682942e-02
1.880000e+00    2.663945e-02
1.890000e+00    2.645172e-02
1.900000e+00    2.626629e-02
1.910000e+00    2.608306e-02
1.920000e+00    2.590200e-02
1.930000e+00    2.572308e-02
1.940000e+00    2.554634e-02
1.950000e+00    2.537158e-02
1.960000e+00    2.519885e-02
1.970000e+00    2.502811e-02
1.980000e+00    2.485934e-02
1.990000e+00    2.469250e-02
2.000000e+00    2.452756e-02
2.010000e+00    2.436449e-02
2.020000e+00    2.420325e-02
2.030000e+00    2.404383e-02
2.040000e+00    2.388619e-02
2.050000e+00    2.373028e-02
2.060000e+00    2.357612e-02
2.070000e+00    2.342365e-02
2.080000e+00    2.327286e-02
2.090000e+00    2.312371e-02
2.100000e+00    2.297618e-02
2.110000e+00    2.283024e-02
2.120000e+00    2.268589e-02
2.130000e+00    2.254307e-02
2.140000e+00    2.240177e-02
2.150000e+00    2.226198e-02
2.160000e+00    2.212366e-02
2.170000e+00    2.198679e-02
2.180000e+00    2.185136e-02
2.190000e+00    2.171735e-02
2.200000e+00    2.158482e-02
2.210000e+00    2.145356e-02
2.220000e+00    2.132365e-02
2.230000e+00    2.119508e-02
2.240000e+00    2.106781e-02
2.250000e+00    2.094183e-02
2.260000e+00    2.081712e-02
2.270000e+00    2.069367e-02
2.280000e+00    2.057146e-02
2.290000e+00    2.045047e-02
2.300000e+00    2.033069e-02
2.310000e+00    2.021209e-02
2.320000e+00    2.009464e-02
2.330000e+00    1.997836e-02
2.340000e+00    1.986322e-02
2.350000e+00    1.974920e-02
2.360000e+00    1.963629e-02
2.370000e+00    1.952446e-02
2.380000e+00    1.941372e-02
2.390000e+00    1.930403e-02
2.400000e+00    1.919540e-02
2.410000e+00    1.908779e-02
2.420000e+00    1.898121e-02
2.430000e+00    1.887563e-02
2.440000e+00    1.877104e-02
2.450000e+00    1.866740e-02
2.460000e+00    1.856475e-02
2.470000e+00    1.846305e-02
2.480000e+00    1.836231e-02
2.490000e+00    1.826248e-02
2.500000e+00    1.816357e-02
2.510000e+00    1.806557e-02
2.520000e+00    1.796846e-02
2.530000e+00    1.787223e-02
2.540000e+00    1.777687e-02
2.550000e+00    1.768237e-02
2.560000e+00    1.758872e-02
2.570000e+00    1.749590e-02
2.580000e+00    1.740391e-02
2.590000e+00    1.731285e-02
2.600000e+00    1.722248e-02
2.610000e+00    1.713290e-02
2.620000e+00    1.704410e-02
2.630000e+00    1.695609e-02
2.640000e+00    1.686884e-02
2.650000e+00    1.678232e-02
2.660000e+00    1.669658e-02
2.670000e+00    1.661157e-02
2.680000e+00    1.652729e-02
2.690000e+00    1.644373e-02
2.700000e+00    1.636088e-02
2.710000e+00    1.627873e-02
2.720000e+00    1.619728e-02
2.730000e+00    1.611652e-02
2.740000e+00    1.603643e-02
2.750000e+00    1.595701e-02
2.760000e+00    1.587826e-02
2.770000e+00    1.580015e-02
2.780000e+00    1.572269e-02
2.790000e+00    1.564588e-02
2.800000e+00    1.556969e-02
2.810000e+00    1.549413e-02
2.820000e+00    1.541918e-02
2.830000e+00    1.534485e-02
2.840000e+00    1.527112e-02
2.850000e+00    1.519799e-02
2.860000e+00    1.512544e-02
2.870000e+00    1.505348e-02
2.880000e+00    1.498209e-02
2.890000e+00    1.491128e-02
2.900000e+00    1.484102e-02
2.910000e+00    1.477132e-02
2.920000e+00    1.470217e-02
2.930000e+00    1.463357e-02
2.940000e+00    1.456550e-02
2.950000e+00    1.449796e-02
2.960000e+00    1.443095e-02
2.970000e+00    1.436446e-02
2.980000e+00    1.429849e-02
2.990000e+00    1.423302e-02
3.000000e+00    1.416806e-02
3.010000e+00    1.410359e-02
3.020000e+00    1.403962e-02
3.030000e+00    1.397613e-02
3.040000e+00    1.391313e-02
3.050000e+00    1.385060e-02
3.060000e+00    1.378854e-02
3.070000e+00    1.372695e-02
3.080000e+00    1.366582e-02
3.090000e+00    1.360515e-02
3.100000e+00    1.354493e-02
3.110000e+00    1.348515e-02
3.120000e+00    1.342582e-02
3.130000e+00    1.336693e-02
3.140000e+00    1.330847e-02
3.150000e+00    1.325044e-02
3.160000e+00    1.319284e-02
3.170000e+00    1.313565e-02
3.180000e+00    1.307889e-02
3.190000e+00    1.302254e-02
3.200000e+00    1.296659e-02
3.210000e+00    1.291104e-02
3.220000e+00    1.285590e-02
3.230000e+00    1.280114e-02
3.240000e+00    1.274678e-02
3.250000e+00    1.269281e-02
3.260000e+00    1.263922e-02
3.270000e+00    1.258600e-02
3.280000e+00    1.253317e-02
3.290000e+00    1.248071e-02
3.300000e+00    1.242862e-02
3.310000e+00    1.237688e-02
3.320000e+00    1.232551e-02
3.330000e+00    1.227450e-02
3.340000e+00    1.222386e-02
3.350000e+00    1.217355e-02
3.360000e+00    1.212358e-02
3.370000e+00    1.207396e-02
3.380000e+00    1.202468e-02
3.390000e+00    1.197574e-02
3.400000e+00    1.192713e-02
3.410000e+00    1.187885e-02
3.420000e+00    1.183090e-02
3.430000e+00    1.178327e-02
3.440000e+00    1.173596e-02
3.450000e+00    1.168897e-02
3.460000e+00    1.164230e-02
3.470000e+00    1.159594e-02
3.480000e+00    1.154988e-02
3.490000e+00    1.150413e-02
3.500000e+00    1.145869e-02
3.510000e+00    1.141355e-02
3.520000e+00    1.136870e-02
3.530000e+00    1.132415e-02
3.540000e+00    1.127989e-02
3.550000e+00    1.123592e-02
3.560000e+00    1.119234e-02
3.570000e+00    1.114894e-02
3.580000e+00    1.110582e-02
3.590000e+00    1.106299e-02
3.600000e+00    1.102042e-02
3.610000e+00    1.097813e-02
3.620000e+00    1.093612e-02
3.630000e+00    1.089442e-02
3.640000e+00    1.085294e-02
3.650000e+00    1.081173e-02
3.660000e+00    1.077077e-02
3.670000e+00    1.073007e-02
3.680000e+00    1.068963e-02
3.690000e+00    1.064945e-02
3.700000e+00    1.060952e-02
3.710000e+00    1.056983e-02
3.720000e+00    1.053040e-02
3.730000e+00    1.049121e-02
3.740000e+00    1.045227e-02
3.750000e+00    1.041356e-02
3.760000e+00    1.037510e-02
3.770000e+00    1.033687e-02
3.780000e+00    1.029888e-02
3.790000e+00    1.026112e-02
3.800000e+00    1.022359e-02
3.810000e+00    1.018630e-02
3.820000e+00    1.014923e-02
3.830000e+00    1.011238e-02
3.840000e+00    1.007576e-02
3.850000e+00    1.003936e-02
3.860000e+00    1.000318e-02
3.870000e+00    9.967214e-03
3.880000e+00    9.931467e-03
3.890000e+00    9.895935e-03
3.900000e+00    9.860614e-03
3.910000e+00    9.825503e-03
3.920000e+00    9.790600e-03
3.930000e+00    9.755905e-03
3.940000e+00    9.721414e-03
3.950000e+00    9.687127e-03
3.960000e+00    9.653042e-03
3.970000e+00    9.619157e-03
3.980000e+00    9.585471e-03
3.990000e+00    9.551982e-03
4.000000e+00    9.518687e-03
4.010000e+00    9.485587e-03
4.020000e+00    9.452678e-03
4.030000e+00    9.419959e-03
4.040000e+00    9.387430e-03
4.050000e+00    9.355088e-03
4.060000e+00    9.322932e-03
4.070000e+00    9.290960e-03
4.080000e+00    9.259154e-03
4.090000e+00    9.227546e-03
4.100000e+00    9.196118e-03
4.110000e+00    9.164868e-03
4.120000e+00    9.133796e-03
4.130000e+00    9.102899e-03
4.140000e+00    9.072180e-03
4.150000e+00    9.041630e-03
4.160000e+00    9.011251e-03
4.170000e+00    8.981041e-03
4.180000e+00    8.951001e-03
4.190000e+00    8.921145e-03
4.200000e+00    8.891438e-03
4.210000e+00    8.861896e-03
4.220000e+00    8.832519e-03
4.230000e+00    8.803298e-03
4.240000e+00    8.774242e-03
4.250000e+00    8.745347e-03
4.260000e+00    8.716609e-03
4.270000e+00    8.688029e-03
4.280000e+00    8.659604e-03
4.290000e+00    8.631334e-03
4.300000e+00    8.603219e-03
4.310000e+00    8.575257e-03
4.320000e+00    8.547446e-03
4.330000e+00    8.519785e-03
4.340000e+00    8.492270e-03
4.350000e+00    8.464906e-03
4.360000e+00    8.437689e-03
4.370000e+00    8.410617e-03
4.380000e+00    8.383690e-03
4.390000e+00    8.356909e-03
4.400000e+00    8.330268e-03
4.410000e+00    8.303769e-03
4.420000e+00    8.277410e-03
4.430000e+00    8.251191e-03
4.440000e+00    8.225110e-03
4.450000e+00    8.199166e-03
4.460000e+00    8.173358e-03
4.470000e+00    8.147684e-03
4.480000e+00    8.122132e-03
4.490000e+00    8.096727e-03
4.500000e+00    8.071456e-03
4.510000e+00    8.046314e-03
4.520000e+00    8.021303e-03
4.530000e+00    7.996421e-03
4.540000e+00    7.971668e-03
4.550000e+00    7.947042e-03
4.560000e+00    7.922542e-03
4.570000e+00    7.898168e-03
4.580000e+00    7.873916e-03
4.590000e+00    7.849791e-03
4.600000e+00    7.825789e-03
4.610000e+00    7.801901e-03
4.620000e+00    7.778142e-03
4.630000e+00    7.754504e-03
4.640000e+00    7.730985e-03
4.650000e+00    7.707584e-03
4.660000e+00    7.684302e-03
4.670000e+00    7.661137e-03
4.680000e+00    7.638087e-03
4.690000e+00    7.615153e-03
4.700000e+00    7.592334e-03
4.710000e+00    7.569626e-03
4.720000e+00    7.547033e-03
4.730000e+00    7.524552e-03
4.740000e+00    7.502183e-03
4.750000e+00    7.479924e-03
4.760000e+00    7.457774e-03
4.770000e+00    7.435734e-03
4.780000e+00    7.413802e-03
4.790000e+00    7.391978e-03
4.800000e+00    7.370261e-03
4.810000e+00    7.348650e-03
4.820000e+00    7.327144e-03
4.830000e+00    7.305742e-03
4.840000e+00    7.284444e-03
4.850000e+00    7.263249e-03
4.860000e+00    7.242158e-03
4.870000e+00    7.221168e-03
4.880000e+00    7.200279e-03
4.890000e+00    7.179490e-03
4.900000e+00    7.158801e-03
4.910000e+00    7.138212e-03
4.920000e+00    7.117720e-03
4.930000e+00    7.097327e-03
4.940000e+00    7.077031e-03
4.950000e+00    7.056834e-03
4.960000e+00    7.036730e-03
4.970000e+00    7.016721e-03
4.980000e+00    6.996807e-03
4.990000e+00    6.976986e-03
5.000000e+00    6.957259e-03
5.010000e+00    6.937624e-03
5.020000e+00    6.918081e-03
5.030000e+00    6.898630e-03
5.040000e+00    6.879270e-03
5.050000e+00    6.860000e-03
5.060000e+00    6.840819e-03
5.070000e+00    6.821728e-03
5.080000e+00    6.802725e-03
5.090000e+00    6.783810e-03
5.100000e+00    6.764983e-03
5.110000e+00    6.746242e-03
5.120000e+00    6.727587e-03
5.130000e+00    6.709018e-03
5.140000e+00    6.690534e-03
5.150000e+00    6.672134e-03
5.160000e+00    6.653819e-03
5.170000e+00    6.635587e-03
5.180000e+00    6.617438e-03
5.190000e+00    6.599370e-03
5.200000e+00    6.581385e-03
5.210000e+00    6.563481e-03
5.220000e+00    6.545659e-03
5.230000e+00    6.527917e-03
5.240000e+00    6.510254e-03
5.250000e+00    6.492671e-03
5.260000e+00    6.475167e-03
5.270000e+00    6.457741e-03
5.280000e+00    6.440393e-03
5.290000e+00    6.423179e-03
5.300000e+00    6.405985e-03
5.310000e+00    6.388868e-03
5.320000e+00    6.371826e-03
5.330000e+00    6.354860e-03
5.340000e+00    6.337969e-03
5.350000e+00    6.321152e-03
5.360000e+00    6.304410e-03
5.370000e+00    6.287741e-03
5.380000e+00    6.271145e-03
5.390000e+00    6.254622e-03
5.400000e+00    6.238171e-03
5.410000e+00    6.221792e-03
5.420000e+00    6.205484e-03
5.430000e+00    6.189247e-03
5.440000e+00    6.173080e-03
5.450000e+00    6.156984e-03
5.460000e+00    6.140957e-03
5.470000e+00    6.125000e-03
5.480000e+00    6.109111e-03
5.490000e+00    6.093290e-03
5.500000e+00    6.077538e-03
5.510000e+00    6.061853e-03
5.520000e+00    6.046235e-03
5.530000e+00    6.030684e-03
5.540000e+00    6.015199e-03
5.550000e+00    5.999781e-03
5.560000e+00    5.984427e-03
5.570000e+00    5.969139e-03
5.580000e+00    5.953916e-03
5.590000e+00    5.938757e-03
5.600000e+00    5.923664e-03
5.610000e+00    5.908633e-03
5.620000e+00    5.893665e-03
5.630000e+00    5.878760e-03
5.640000e+00    5.863917e-03
5.650000e+00    5.849137e-03
5.660000e+00    5.834417e-03
5.670000e+00    5.819760e-03
5.680000e+00    5.805159e-03
5.690000e+00    5.790624e-03
5.700000e+00    5.776149e-03
5.710000e+00    5.761734e-03
5.720000e+00    5.747378e-03
5.730000e+00    5.733082e-03
5.740000e+00    5.718844e-03
5.750000e+00    5.704665e-03
5.760000e+00    5.690545e-03
5.770000e+00    5.676482e-03
5.780000e+00    5.662477e-03
5.790000e+00    5.648530e-03
5.800000e+00    5.634639e-03
5.810000e+00    5.620805e-03
5.820000e+00    5.607027e-03
5.830000e+00    5.593306e-03
5.840000e+00    5.579640e-03
5.850000e+00    5.566029e-03
5.860000e+00    5.552474e-03
5.870000e+00    5.538970e-03
5.880000e+00    5.525524e-03
5.890000e+00    5.512131e-03
5.900000e+00    5.498793e-03
5.910000e+00    5.485508e-03
5.920000e+00    5.472276e-03
5.930000e+00    5.459097e-03
5.940000e+00    5.445970e-03
5.950000e+00    5.432896e-03
5.960000e+00    5.419874e-03
5.970000e+00    5.406904e-03
5.980000e+00    5.393985e-03
5.990000e+00    5.381117e-03
6.000000e+00    5.368300e-03
6.010000e+00    5.355534e-03
6.020000e+00    5.342818e-03
6.030000e+00    5.330152e-03
6.040000e+00    5.317536e-03
6.050000e+00    5.304969e-03
6.060000e+00    5.292452e-03
6.070000e+00    5.279983e-03
6.080000e+00    5.267564e-03
6.090000e+00    5.255192e-03
6.100000e+00    5.242869e-03
6.110000e+00    5.230593e-03
6.120000e+00    5.218366e-03
6.130000e+00    5.206185e-03
6.140000e+00    5.194052e-03
6.150000e+00    5.181964e-03
6.160000e+00    5.169924e-03
6.170000e+00    5.157931e-03
6.180000e+00    5.145986e-03
6.190000e+00    5.134085e-03
6.200000e+00    5.122228e-03
6.210000e+00    5.110418e-03
6.220000e+00    5.098652e-03
6.230000e+00    5.086931e-03
6.240000e+00    5.075255e-03
6.250000e+00    5.063624e-03
6.260000e+00    5.052036e-03
6.270000e+00    5.040493e-03
6.280000e+00    5.028993e-03
6.290000e+00    5.017536e-03
6.300000e+00    5.006123e-03
6.310000e+00    4.994753e-03
6.320000e+00    4.983426e-03
6.330000e+00    4.972141e-03
6.340000e+00    4.960899e-03
6.350000e+00    4.949697e-03
6.360000e+00    4.938539e-03
6.370000e+00    4.927423e-03
6.380000e+00    4.916347e-03
6.390000e+00    4.905313e-03
6.400000e+00    4.894320e-03
6.410000e+00    4.883368e-03
6.420000e+00    4.872456e-03
6.430000e+00    4.861585e-03
6.440000e+00    4.850754e-03
6.450000e+00    4.839963e-03
6.460000e+00    4.829211e-03
6.470000e+00    4.818499e-03
6.480000e+00    4.807826e-03
6.490000e+00    4.797193e-03
6.500000e+00    4.786599e-03
6.510000e+00    4.776040e-03
6.520000e+00    4.765522e-03
6.530000e+00    4.755044e-03
6.540000e+00    4.744603e-03
6.550000e+00    4.734200e-03
6.560000e+00    4.723835e-03
6.570000e+00    4.713504e-03
6.580000e+00    4.703215e-03
6.590000e+00    4.692962e-03
6.600000e+00    4.682746e-03
6.610000e+00    4.672567e-03
6.620000e+00    4.662424e-03
6.630000e+00    4.652319e-03
6.640000e+00    4.642249e-03
6.650000e+00    4.632216e-03
6.660000e+00    4.622218e-03
6.670000e+00    4.612256e-03
6.680000e+00    4.602330e-03
6.690000e+00    4.592439e-03
6.700000e+00    4.582584e-03
6.710000e+00    4.572763e-03
6.720000e+00    4.562977e-03
6.730000e+00    4.553226e-03
6.740000e+00    4.543510e-03
6.750000e+00    4.533827e-03
6.760000e+00    4.524179e-03
6.770000e+00    4.514565e-03
6.780000e+00    4.504985e-03
6.790000e+00    4.495438e-03
6.800000e+00    4.485925e-03
6.810000e+00    4.476446e-03
6.820000e+00    4.466999e-03
6.830000e+00    4.457586e-03
6.840000e+00    4.448205e-03
6.850000e+00    4.438857e-03
6.860000e+00    4.429542e-03
6.870000e+00    4.420259e-03
6.880000e+00    4.411008e-03
6.890000e+00    4.401789e-03
6.900000e+00    4.392602e-03
6.910000e+00    4.383447e-03
6.920000e+00    4.374323e-03
6.930000e+00    4.365231e-03
6.940000e+00    4.356170e-03
6.950000e+00    4.347140e-03
6.960000e+00    4.338142e-03
6.970000e+00    4.329174e-03
6.980000e+00    4.320236e-03
6.990000e+00    4.311329e-03
7.000000e+00    4.302453e-03
7.010000e+00    4.293607e-03
7.020000e+00    4.284791e-03
7.030000e+00    4.276029e-03
7.040000e+00    4.267273e-03
7.050000e+00    4.258546e-03
7.060000e+00    4.249849e-03
7.070000e+00    4.241182e-03
7.080000e+00    4.232544e-03
7.090000e+00    4.223935e-03
7.100000e+00    4.215355e-03
7.110000e+00    4.206803e-03
7.120000e+00    4.198281e-03
7.130000e+00    4.189787e-03
7.140000e+00    4.181322e-03
7.150000e+00    4.172885e-03
7.160000e+00    4.164475e-03
7.170000e+00    4.156094e-03
7.180000e+00    4.147741e-03
7.190000e+00    4.139416e-03
7.200000e+00    4.131119e-03
7.210000e+00    4.122849e-03
7.220000e+00    4.114606e-03
7.230000e+00    4.106391e-03
7.240000e+00    4.098203e-03
7.250000e+00    4.090042e-03
7.260000e+00    4.081907e-03
7.270000e+00    4.073800e-03
7.280000e+00    4.065719e-03
7.290000e+00    4.057665e-03
7.300000e+00    4.049637e-03
7.310000e+00    4.041635e-03
7.320000e+00    4.033660e-03
7.330000e+00    4.025711e-03
7.340000e+00    4.017789e-03
7.350000e+00    4.009892e-03
7.360000e+00    4.002020e-03
7.370000e+00    3.994174e-03
7.380000e+00    3.986353e-03
7.390000e+00    3.978554e-03
7.400000e+00    3.970784e-03
7.410000e+00    3.963039e-03
7.420000e+00    3.955319e-03
7.430000e+00    3.947624e-03
7.440000e+00    3.939954e-03
7.450000e+00    3.932309e-03
7.460000e+00    3.924688e-03
7.470000e+00    3.917092e-03
7.480000e+00    3.909519e-03
7.490000e+00    3.901972e-03
7.500000e+00    3.894448e-03
7.510000e+00    3.886948e-03
7.520000e+00    3.879472e-03
7.530000e+00    3.872020e-03
7.540000e+00    3.864592e-03
7.550000e+00    3.857187e-03
7.560000e+00    3.849805e-03
7.570000e+00    3.842446e-03
7.580000e+00    3.835111e-03
7.590000e+00    3.827800e-03
7.600000e+00    3.820512e-03
7.610000e+00    3.813245e-03
7.620000e+00    3.806003e-03
7.630000e+00    3.798783e-03
7.640000e+00    3.791586e-03
7.650000e+00    3.784412e-03
7.660000e+00    3.777260e-03
7.670000e+00    3.770131e-03
7.680000e+00    3.763022e-03
7.690000e+00    3.755937e-03
7.700000e+00    3.748874e-03
7.710000e+00    3.741834e-03
7.720000e+00    3.734815e-03
7.730000e+00    3.727817e-03
7.740000e+00    3.720846e-03
7.750000e+00    3.713892e-03
7.760000e+00    3.706960e-03
7.770000e+00    3.700049e-03
7.780000e+00    3.693160e-03
7.790000e+00    3.686291e-03
7.800000e+00    3.679444e-03
7.810000e+00    3.672618e-03
7.820000e+00    3.665813e-03
7.830000e+00    3.659029e-03
7.840000e+00    3.652265e-03
7.850000e+00    3.645522e-03
7.860000e+00    3.638803e-03
7.870000e+00    3.632101e-03
7.880000e+00    3.625419e-03
7.890000e+00    3.618758e-03
7.900000e+00    3.612117e-03
7.910000e+00    3.605497e-03
7.920000e+00    3.598896e-03
7.930000e+00    3.592316e-03
7.940000e+00    3.585755e-03
7.950000e+00    3.579214e-03
7.960000e+00    3.572693e-03
7.970000e+00    3.566192e-03
7.980000e+00    3.559710e-03
7.990000e+00    3.553248e-03
8.000000e+00    3.546806e-03
8.010000e+00    3.540382e-03
8.020000e+00    3.533976e-03
8.030000e+00    3.527592e-03
8.040000e+00    3.521226e-03
8.050000e+00    3.514879e-03
8.060000e+00    3.508551e-03
8.070000e+00    3.502242e-03
8.080000e+00    3.495952e-03
8.090000e+00    3.489681e-03
8.100000e+00    3.483428e-03
8.110000e+00    3.477194e-03
8.120000e+00    3.470978e-03
8.130000e+00    3.464781e-03
8.140000e+00    3.458602e-03
8.150000e+00    3.452442e-03
8.160000e+00    3.446299e-03
8.170000e+00    3.440175e-03
8.180000e+00    3.434069e-03
8.190000e+00    3.427980e-03
8.200000e+00    3.421910e-03
8.210000e+00    3.415857e-03
8.220000e+00    3.409822e-03
8.230000e+00    3.403805e-03
8.240000e+00    3.397805e-03
8.250000e+00    3.391823e-03
8.260000e+00    3.385858e-03
8.270000e+00    3.379911e-03
8.280000e+00    3.373981e-03
8.290000e+00    3.368069e-03
8.300000e+00    3.362173e-03
8.310000e+00    3.356295e-03
8.320000e+00    3.350433e-03
8.330000e+00    3.344589e-03
8.340000e+00    3.338761e-03
8.350000e+00    3.332950e-03
8.360000e+00    3.327157e-03
8.370000e+00    3.321379e-03
8.380000e+00    3.315619e-03
8.390000e+00    3.309875e-03
8.400000e+00    3.304147e-03
8.410000e+00    3.298436e-03
8.420000e+00    3.292741e-03
8.430000e+00    3.287062e-03
8.440000e+00    3.281400e-03
8.450000e+00    3.275754e-03
8.460000e+00    3.270124e-03
8.470000e+00    3.264510e-03
8.480000e+00    3.258912e-03
8.490000e+00    3.253330e-03
8.500000e+00    3.247764e-03
8.510000e+00    3.242214e-03
8.520000e+00    3.236680e-03
8.530000e+00    3.231161e-03
8.540000e+00    3.225658e-03
8.550000e+00    3.220170e-03
8.560000e+00    3.214698e-03
8.570000e+00    3.209241e-03
8.580000e+00    3.203799e-03
8.590000e+00    3.198373e-03
8.600000e+00    3.192962e-03
8.610000e+00    3.187566e-03
8.620000e+00    3.182186e-03
8.630000e+00    3.176820e-03
8.640000e+00    3.171469e-03
8.650000e+00    3.166134e-03
8.660000e+00    3.160813e-03
8.670000e+00    3.155507e-03
8.680000e+00    3.150216e-03
8.690000e+00    3.144939e-03
8.700000e+00    3.139677e-03
8.710000e+00    3.134430e-03
8.720000e+00    3.129197e-03
8.730000e+00    3.123979e-03
8.740000e+00    3.118775e-03
8.750000e+00    3.113586e-03
8.760000e+00    3.108411e-03
8.770000e+00    3.103250e-03
8.780000e+00    3.098103e-03
8.790000e+00    3.092971e-03
8.800000e+00    3.087852e-03
8.810000e+00    3.082748e-03
8.820000e+00    3.077658e-03
8.830000e+00    3.072581e-03
8.840000e+00    3.067519e-03
8.850000e+00    3.062470e-03
8.860000e+00    3.057436e-03
8.870000e+00    3.052414e-03
8.880000e+00    3.047407e-03
8.890000e+00    3.042413e-03
8.900000e+00    3.037433e-03
8.910000e+00    3.032466e-03
8.920000e+00    3.027513e-03
8.930000e+00    3.022574e-03
8.940000e+00    3.017647e-03
8.950000e+00    3.012734e-03
8.960000e+00    3.007834e-03
8.970000e+00    3.002947e-03
8.980000e+00    2.998074e-03
8.990000e+00    2.993214e-03
9.000000e+00    2.988366e-03
9.010000e+00    2.983532e-03
9.020000e+00    2.978711e-03
9.030000e+00    2.973903e-03
9.040000e+00    2.969108e-03
9.050000e+00    2.964331e-03
9.060000e+00    2.959561e-03
9.070000e+00    2.954804e-03
9.080000e+00    2.950059e-03
9.090000e+00    2.945327e-03
9.100000e+00    2.940607e-03
9.110000e+00    2.935901e-03
9.120000e+00    2.931207e-03
9.130000e+00    2.926525e-03
9.140000e+00    2.921856e-03
9.150000e+00    2.917199e-03
9.160000e+00    2.912555e-03
9.170000e+00    2.907922e-03
9.180000e+00    2.903302e-03
9.190000e+00    2.898695e-03
9.200000e+00    2.894099e-03
9.210000e+00    2.889516e-03
9.220000e+00    2.884944e-03
9.230000e+00    2.880385e-03
9.240000e+00    2.875837e-03
9.250000e+00    2.871300e-03
9.260000e+00    2.866777e-03
9.270000e+00    2.862265e-03
9.280000e+00    2.857765e-03
9.290000e+00    2.853276e-03
9.300000e+00    2.848800e-03
9.310000e+00    2.844335e-03
9.320000e+00    2.839881e-03
9.330000e+00    2.835439e-03
9.340000e+00    2.831009e-03
9.350000e+00    2.826590e-03
9.360000e+00    2.822183e-03
9.370000e+00    2.817787e-03
9.380000e+00    2.813403e-03
9.390000e+00    2.809029e-03
9.400000e+00    2.804668e-03
9.410000e+00    2.800317e-03
9.420000e+00    2.795978e-03
9.430000e+00    2.791649e-03
9.440000e+00    2.787332e-03
9.450000e+00    2.783026e-03
9.460000e+00    2.778731e-03
9.470000e+00    2.774447e-03
9.480000e+00    2.770174e-03
9.490000e+00    2.765912e-03
9.500000e+00    2.761661e-03
9.510000e+00    2.757421e-03
9.520000e+00    2.753191e-03
9.530000e+00    2.748973e-03
9.540000e+00    2.744765e-03
9.550000e+00    2.740567e-03
9.560000e+00    2.736381e-03
9.570000e+00    2.732205e-03
9.580000e+00    2.728040e-03
9.590000e+00    2.723885e-03
9.600000e+00    2.719741e-03
9.610000e+00    2.715607e-03
9.620000e+00    2.711483e-03
9.630000e+00    2.707370e-03
9.640000e+00    2.703268e-03
9.650000e+00    2.699176e-03
9.660000e+00    2.695094e-03
9.670000e+00    2.691022e-03
9.680000e+00    2.686961e-03
9.690000e+00    2.682909e-03
9.700000e+00    2.678868e-03
9.710000e+00    2.674837e-03
9.720000e+00    2.670816e-03
9.730000e+00    2.666805e-03
9.740000e+00    2.662805e-03
9.750000e+00    2.658814e-03
9.760000e+00    2.654832e-03
9.770000e+00    2.650861e-03
9.780000e+00    2.646900e-03
9.790000e+00    2.642949e-03
9.800000e+00    2.639007e-03
9.810000e+00    2.635076e-03
9.820000e+00    2.631154e-03
9.830000e+00    2.627241e-03
9.840000e+00    2.623339e-03
9.850000e+00    2.619446e-03
9.860000e+00    2.615563e-03
9.870000e+00    2.611689e-03
9.880000e+00    2.607825e-03
9.890000e+00    2.603970e-03
9.900000e+00    2.600125e-03
9.910000e+00    2.596289e-03
9.920000e+00    2.592463e-03
9.930000e+00    2.588646e-03
9.940000e+00    2.584838e-03
9.950000e+00    2.581040e-03
9.960000e+00    2.577251e-03
9.970000e+00    2.573471e-03
9.980000e+00    2.569701e-03
9.990000e+00    2.565939e-03
1.000000e+01    2.562187e-03
1.001000e+01    2.558445e-03
1.002000e+01    2.554711e-03
1.003000e+01    2.550986e-03
1.004000e+01    2.547270e-03
1.005000e+01    2.543564e-03
1.006000e+01    2.539866e-03
1.007000e+01    2.536177e-03
1.008000e+01    2.532497e-03
1.009000e+01    2.528826e-03
1.010000e+01    2.525163e-03
1.011000e+01    2.521510e-03
1.012000e+01    2.517865e-03
1.013000e+01    2.514230e-03
1.014000e+01    2.510603e-03
1.015000e+01    2.506985e-03
1.016000e+01    2.503375e-03
1.017000e+01    2.499774e-03
1.018000e+01    2.496181e-03
1.019000e+01    2.492598e-03
1.020000e+01    2.489022e-03
1.021000e+01    2.485456e-03
1.022000e+01    2.481897e-03
1.023000e+01    2.478348e-03
1.024000e+01    2.474806e-03
1.025000e+01    2.471274e-03
1.026000e+01    2.467749e-03
1.027000e+01    2.464233e-03
1.028000e+01    2.460725e-03
1.029000e+01    2.457226e-03
1.030000e+01    2.453735e-03
1.031000e+01    2.450252e-03
1.032000e+01    2.446777e-03
1.033000e+01    2.443311e-03
1.034000e+01    2.439853e-03
1.035000e+01    2.436403e-03
1.036000e+01    2.432961e-03
1.037000e+01    2.429527e-03
1.038000e+01    2.426101e-03
1.039000e+01    2.422683e-03
1.040000e+01    2.419274e-03
1.041000e+01    2.415872e-03
1.042000e+01    2.412478e-03
1.043000e+01    2.409092e-03
1.044000e+01    2.405715e-03
1.045000e+01    2.402345e-03
1.046000e+01    2.398982e-03
1.047000e+01    2.395628e-03
1.048000e+01    2.392282e-03
1.049000e+01    2.388943e-03
1.050000e+01    2.385611e-03
1.051000e+01    2.382288e-03
1.052000e+01    2.378973e-03
1.053000e+01    2.375665e-03
1.054000e+01    2.372365e-03
1.055000e+01    2.369073e-03
1.056000e+01    2.365788e-03
1.057000e+01    2.362511e-03
1.058000e+01    2.359240e-03
1.059000e+01    2.355978e-03
1.060000e+01    2.352724e-03
1.061000e+01    2.349477e-03
1.062000e+01    2.346237e-03
1.063000e+01    2.343005e-03
1.064000e+01    2.339780e-03
1.065000e+01    2.336563e-03
1.066000e+01    2.333353e-03
1.067000e+01    2.330150e-03
1.068000e+01    2.326955e-03
1.069000e+01    2.323767e-03
1.070000e+01    2.320587e-03
1.071000e+01    2.317413e-03
1.072000e+01    2.314247e-03
1.073000e+01    2.311088e-03
1.074000e+01    2.307936e-03
1.075000e+01    2.304792e-03
1.076000e+01    2.301654e-03
1.077000e+01    2.298524e-03
1.078000e+01    2.295401e-03
1.079000e+01    2.292288e-03
1.080000e+01    2.289179e-03
1.081000e+01    2.286077e-03
1.082000e+01    2.282982e-03
1.083000e+01    2.279894e-03
1.084000e+01    2.276813e-03
1.085000e+01    2.273739e-03
1.086000e+01    2.270671e-03
1.087000e+01    2.267611e-03
1.088000e+01    2.264558e-03
1.089000e+01    2.261511e-03
1.090000e+01    2.258472e-03
1.091000e+01    2.255439e-03
1.092000e+01    2.252413e-03
1.093000e+01    2.249393e-03
1.094000e+01    2.246380e-03
1.095000e+01    2.243374e-03
1.096000e+01    2.240375e-03
1.097000e+01    2.237382e-03
1.098000e+01    2.234397e-03
1.099000e+01    2.231418e-03
1.100000e+01    2.228445e-03
1.101000e+01    2.225479e-03
1.102000e+01    2.222519e-03
1.103000e+01    2.219567e-03
1.104000e+01    2.216620e-03
1.105000e+01    2.213681e-03
1.106000e+01    2.210748e-03
1.107000e+01    2.207821e-03
1.108000e+01    2.204901e-03
1.109000e+01    2.201987e-03
1.110000e+01    2.199079e-03
1.111000e+01    2.196178e-03
1.112000e+01    2.193284e-03
1.113000e+01    2.190396e-03
1.114000e+01    2.187514e-03
1.115000e+01    2.184639e-03
1.116000e+01    2.181770e-03
1.117000e+01    2.178907e-03
1.118000e+01    2.176051e-03
1.119000e+01    2.173201e-03
1.120000e+01    2.170357e-03
1.121000e+01    2.167519e-03
1.122000e+01    2.164687e-03
1.123000e+01    2.161862e-03
1.124000e+01    2.159043e-03
1.125000e+01    2.156230e-03
1.126000e+01    2.153423e-03
1.127000e+01    2.150622e-03
1.128000e+01    2.147827e-03
1.129000e+01    2.145039e-03
1.130000e+01    2.142256e-03
1.131000e+01    2.139480e-03
1.132000e+01    2.136709e-03
1.133000e+01    2.133944e-03
1.134000e+01    2.131186e-03
1.135000e+01    2.128433e-03
1.136000e+01    2.125687e-03
1.137000e+01    2.122946e-03
1.138000e+01    2.120211e-03
1.139000e+01    2.117482e-03
1.140000e+01    2.114759e-03
1.141000e+01    2.112042e-03
1.142000e+01    2.109331e-03
1.143000e+01    2.106625e-03
1.144000e+01    2.103926e-03
1.145000e+01    2.101232e-03
1.146000e+01    2.098544e-03
1.147000e+01    2.095861e-03
1.148000e+01    2.093185e-03
1.149000e+01    2.090514e-03
1.150000e+01    2.087849e-03
1.151000e+01    2.085189e-03
1.152000e+01    2.082535e-03
1.153000e+01    2.079887e-03
1.154000e+01    2.077244e-03
1.155000e+01    2.074607e-03
1.156000e+01    2.071976e-03
1.157000e+01    2.069350e-03
1.158000e+01    2.066730e-03
1.159000e+01    2.064115e-03
1.160000e+01    2.061506e-03
1.161000e+01    2.058903e-03
1.162000e+01    2.056305e-03
1.163000e+01    2.053712e-03
1.164000e+01    2.051125e-03
1.165000e+01    2.048543e-03
1.166000e+01    2.045967e-03
1.167000e+01    2.043396e-03
1.168000e+01    2.040831e-03
1.169000e+01    2.038271e-03
1.170000e+01    2.035716e-03
1.171000e+01    2.033167e-03
1.172000e+01    2.030623e-03
1.173000e+01    2.028085e-03
1.174000e+01    2.025551e-03
1.175000e+01    2.023024e-03
1.176000e+01    2.020501e-03
1.177000e+01    2.017983e-03
1.178000e+01    2.015471e-03
1.179000e+01    2.012964e-03
1.180000e+01    2.010463e-03
1.181000e+01    2.007966e-03
1.182000e+01    2.005478e-03
1.183000e+01    2.002992e-03
1.184000e+01    2.000511e-03
1.185000e+01    1.998035e-03
1.186000e+01    1.995565e-03
1.187000e+01    1.993099e-03
1.188000e+01    1.990639e-03
1.189000e+01    1.988183e-03
1.190000e+01    1.985733e-03
1.191000e+01    1.983288e-03
1.192000e+01    1.980848e-03
1.193000e+01    1.978413e-03
1.194000e+01    1.975984e-03
1.195000e+01    1.973559e-03
1.196000e+01    1.971139e-03
1.197000e+01    1.968723e-03
1.198000e+01    1.966313e-03
1.199000e+01    1.963908e-03
1.200000e+01    1.961507e-03
1.201000e+01    1.959112e-03
1.202000e+01    1.956722e-03
1.203000e+01    1.954336e-03
1.204000e+01    1.951956e-03
1.205000e+01    1.949580e-03
1.206000e+01    1.947209e-03
1.207000e+01    1.944843e-03
1.208000e+01    1.942481e-03
1.209000e+01    1.940125e-03
1.210000e+01    1.937773e-03
1.211000e+01    1.935426e-03
1.212000e+01    1.933084e-03
1.213000e+01    1.930747e-03
1.214000e+01    1.928414e-03
1.215000e+01    1.926087e-03
1.216000e+01    1.923764e-03
1.217000e+01    1.921445e-03
1.218000e+01    1.919131e-03
1.219000e+01    1.916822e-03
1.220000e+01    1.914518e-03
1.221000e+01    1.912218e-03
1.222000e+01    1.909923e-03
1.223000e+01    1.907632e-03
1.224000e+01    1.905346e-03
1.225000e+01    1.903065e-03
1.226000e+01    1.900788e-03
1.227000e+01    1.898516e-03
1.228000e+01    1.896248e-03
1.229000e+01    1.893985e-03
1.230000e+01    1.891727e-03
1.231000e+01    1.889473e-03
1.232000e+01    1.887223e-03
1.233000e+01    1.884978e-03
1.234000e+01    1.882738e-03
1.235000e+01    1.880502e-03
1.236000e+01    1.878270e-03
1.237000e+01    1.876043e-03
1.238000e+01    1.873821e-03
1.239000e+01    1.871602e-03
1.240000e+01    1.869388e-03
1.241000e+01    1.867179e-03
1.242000e+01    1.864974e-03
1.243000e+01    1.862773e-03
1.244000e+01    1.860577e-03
1.245000e+01    1.858385e-03
1.246000e+01    1.856197e-03
1.247000e+01    1.854014e-03
1.248000e+01    1.851835e-03
1.249000e+01    1.849660e-03
1.250000e+01    1.847490e-03
1.251000e+01    1.845324e-03
1.252000e+01    1.843162e-03
1.253000e+01    1.841004e-03
1.254000e+01    1.838851e-03
1.255000e+01    1.836702e-03
1.256000e+01    1.834557e-03
1.257000e+01    1.832416e-03
1.258000e+01    1.830280e-03
1.259000e+01    1.828148e-03
1.260000e+01    1.826020e-03
1.261000e+01    1.823896e-03
1.262000e+01    1.821776e-03
1.263000e+01    1.819660e-03
1.264000e+01    1.817549e-03
1.265000e+01    1.815441e-03
1.266000e+01    1.813338e-03
1.267000e+01    1.811239e-03
1.268000e+01    1.809144e-03
1.269000e+01    1.807053e-03
1.270000e+01    1.804966e-03
1.271000e+01    1.802883e-03
1.272000e+01    1.800805e-03
1.273000e+01    1.798730e-03
1.274000e+01    1.796659e-03
1.275000e+01    1.794592e-03
1.276000e+01    1.792530e-03
1.277000e+01    1.790471e-03
1.278000e+01    1.788415e-03
1.279000e+01    1.786364e-03
1.280000e+01    1.784318e-03
1.281000e+01    1.782275e-03
1.282000e+01    1.780236e-03
1.283000e+01    1.778202e-03
1.284000e+01    1.776171e-03
1.285000e+01    1.774144e-03
1.286000e+01    1.772121e-03
1.287000e+01    1.770101e-03
1.288000e+01    1.768086e-03
1.289000e+01    1.766074e-03
1.290000e+01    1.764066e-03
1.291000e+01    1.762062e-03
1.292000e+01    1.760062e-03
1.293000e+01    1.758066e-03
1.294000e+01    1.756073e-03
1.295000e+01    1.754085e-03
1.296000e+01    1.752100e-03
1.297000e+01    1.750119e-03
1.298000e+01    1.748141e-03
1.299000e+01    1.746168e-03
1.300000e+01    1.744198e-03
1.301000e+01    1.742232e-03
1.302000e+01    1.740270e-03
1.303000e+01    1.738311e-03
1.304000e+01    1.736356e-03
1.305000e+01    1.734405e-03
1.306000e+01    1.732458e-03
1.307000e+01    1.730514e-03
1.308000e+01    1.728574e-03
1.309000e+01    1.726638e-03
1.310000e+01    1.724705e-03
1.311000e+01    1.722776e-03
1.312000e+01    1.720850e-03
1.313000e+01    1.718928e-03
1.314000e+01    1.717010e-03
1.315000e+01    1.715095e-03
1.316000e+01    1.713184e-03
1.317000e+01    1.711277e-03
1.318000e+01    1.709373e-03
1.319000e+01    1.707473e-03
1.320000e+01    1.705576e-03
1.321000e+01    1.703683e-03
1.322000e+01    1.701793e-03
1.323000e+01    1.699907e-03
1.324000e+01    1.698025e-03
1.325000e+01    1.696146e-03
1.326000e+01    1.694270e-03
1.327000e+01    1.692398e-03
1.328000e+01    1.690530e-03
1.329000e+01    1.688665e-03
1.330000e+01    1.686803e-03
1.331000e+01    1.684945e-03
1.332000e+01    1.683090e-03
1.333000e+01    1.681239e-03
1.334000e+01    1.679391e-03
1.335000e+01    1.677547e-03
1.336000e+01    1.675706e-03
1.337000e+01    1.673869e-03
1.338000e+01    1.672035e-03
1.339000e+01    1.670204e-03
1.340000e+01    1.668377e-03
1.341000e+01    1.666553e-03
1.342000e+01    1.664732e-03
1.343000e+01    1.662915e-03
1.344000e+01    1.661102e-03
1.345000e+01    1.659291e-03
1.346000e+01    1.657484e-03
1.347000e+01    1.655680e-03
1.348000e+01    1.653880e-03
1.349000e+01    1.652082e-03
1.350000e+01    1.650288e-03
1.351000e+01    1.648498e-03
1.352000e+01    1.646710e-03
1.353000e+01    1.644926e-03
1.354000e+01    1.643146e-03
1.355000e+01    1.641368e-03
1.356000e+01    1.639594e-03
1.357000e+01    1.637823e-03
1.358000e+01    1.636055e-03
1.359000e+01    1.634290e-03
1.360000e+01    1.632529e-03
1.361000e+01    1.630771e-03
1.362000e+01    1.629016e-03
1.363000e+01    1.627264e-03
1.364000e+01    1.625516e-03
1.365000e+01    1.623770e-03
1.366000e+01    1.622028e-03
1.367000e+01    1.620289e-03
1.368000e+01    1.618553e-03
1.369000e+01    1.616820e-03
1.370000e+01    1.615091e-03
1.371000e+01    1.613364e-03
1.372000e+01    1.611641e-03
1.373000e+01    1.609921e-03
1.374000e+01    1.608204e-03
1.375000e+01    1.606490e-03
1.376000e+01    1.604779e-03
1.377000e+01    1.603071e-03
1.378000e+01    1.601366e-03
1.379000e+01    1.599664e-03
1.380000e+01    1.597966e-03
1.381000e+01    1.596270e-03
1.382000e+01    1.594577e-03
1.383000e+01    1.592888e-03
1.384000e+01    1.591202e-03
1.385000e+01    1.589518e-03
1.386000e+01    1.587838e-03
1.387000e+01    1.586160e-03
1.388000e+01    1.584486e-03
1.389000e+01    1.582814e-03
1.390000e+01    1.581146e-03
1.391000e+01    1.579480e-03
1.392000e+01    1.577818e-03
1.393000e+01    1.576158e-03
1.394000e+01    1.574502e-03
1.395000e+01    1.572848e-03
1.396000e+01    1.571198e-03
1.397000e+01    1.569550e-03
1.398000e+01    1.567905e-03
1.399000e+01    1.566263e-03
1.400000e+01    1.564624e-03
1.401000e+01    1.562989e-03
1.402000e+01    1.561356e-03
1.403000e+01    1.559725e-03
1.404000e+01    1.558098e-03
1.405000e+01    1.556474e-03
1.406000e+01    1.554852e-03
1.407000e+01    1.553233e-03
1.408000e+01    1.551617e-03
1.409000e+01    1.550004e-03
1.410000e+01    1.548394e-03
1.411000e+01    1.546786e-03
1.412000e+01    1.545182e-03
1.413000e+01    1.543580e-03
1.414000e+01    1.541981e-03
1.415000e+01    1.540385e-03
1.416000e+01    1.538792e-03
1.417000e+01    1.537201e-03
1.418000e+01    1.535614e-03
1.419000e+01    1.534029e-03
1.420000e+01    1.532447e-03
1.421000e+01    1.530867e-03
1.422000e+01    1.529291e-03
1.423000e+01    1.527717e-03
1.424000e+01    1.526146e-03
1.425000e+01    1.524577e-03
1.426000e+01    1.523011e-03
1.427000e+01    1.521448e-03
1.428000e+01    1.519888e-03
1.429000e+01    1.518331e-03
1.430000e+01    1.516776e-03
1.431000e+01    1.515224e-03
1.432000e+01    1.513675e-03
1.433000e+01    1.512128e-03
1.434000e+01    1.510584e-03
1.435000e+01    1.509043e-03
1.436000e+01    1.507504e-03
1.437000e+01    1.505968e-03
1.438000e+01    1.504435e-03
1.439000e+01    1.502904e-03
1.440000e+01    1.501376e-03
1.441000e+01    1.499851e-03
1.442000e+01    1.498328e-03
1.443000e+01    1.496808e-03
1.444000e+01    1.495290e-03
1.445000e+01    1.493775e-03
1.446000e+01    1.492263e-03
1.447000e+01    1.490753e-03
1.448000e+01    1.489246e-03
1.449000e+01    1.487742e-03
1.450000e+01    1.486240e-03
1.451000e+01    1.484741e-03
1.452000e+01    1.483244e-03
1.453000e+01    1.481750e-03
1.454000e+01    1.480259e-03
1.455000e+01    1.478770e-03
1.456000e+01    1.477283e-03
1.457000e+01    1.475799e-03
1.458000e+01    1.474317e-03
1.459000e+01    1.472838e-03
1.460000e+01    1.471362e-03
1.461000e+01    1.469888e-03
1.462000e+01    1.468416e-03
1.463000e+01    1.466947e-03
1.464000e+01    1.465481e-03
1.465000e+01    1.464017e-03
1.466000e+01    1.462555e-03
1.467000e+01    1.461096e-03
1.468000e+01    1.459640e-03
1.469000e+01    1.458186e-03
1.470000e+01    1.456734e-03
1.471000e+01    1.455285e-03
1.472000e+01    1.453839e-03
1.473000e+01    1.452395e-03
1.474000e+01    1.450953e-03
1.475000e+01    1.449514e-03
1.476000e+01    1.448077e-03
1.477000e+01    1.446643e-03
1.478000e+01    1.445211e-03
1.479000e+01    1.443781e-03
1.480000e+01    1.442354e-03
1.481000e+01    1.440929e-03
1.482000e+01    1.439507e-03
1.483000e+01    1.438087e-03
1.484000e+01    1.436669e-03
1.485000e+01    1.435254e-03
1.486000e+01    1.433841e-03
1.487000e+01    1.432431e-03
1.488000e+01    1.431023e-03
1.489000e+01    1.429617e-03
1.490000e+01    1.428214e-03
1.491000e+01    1.426812e-03
1.492000e+01    1.425414e-03
1.493000e+01    1.424017e-03
1.494000e+01    1.422623e-03
1.495000e+01    1.421232e-03
1.496000e+01    1.419842e-03
1.497000e+01    1.418455e-03
1.498000e+01    1.417071e-03
1.499000e+01    1.415688e-03
1.500000e+01    1.414308e-03
1.501000e+01    1.412930e-03
1.502000e+01    1.411555e-03
1.503000e+01    1.410181e-03
1.504000e+01    1.408810e-03
1.505000e+01    1.407442e-03
1.506000e+01    1.406075e-03
1.507000e+01    1.404711e-03
1.508000e+01    1.403349e-03
1.509000e+01    1.401989e-03
1.510000e+01    1.400632e-03
1.511000e+01    1.399277e-03
1.512000e+01    1.397924e-03
1.513000e+01    1.396573e-03
1.514000e+01    1.395225e-03
1.515000e+01    1.393878e-03
1.516000e+01    1.392534e-03
1.517000e+01    1.391193e-03
1.518000e+01    1.389853e-03
1.519000e+01    1.388515e-03
1.520000e+01    1.387180e-03
1.521000e+01    1.385847e-03
1.522000e+01    1.384516e-03
1.523000e+01    1.383188e-03
1.524000e+01    1.381861e-03
1.525000e+01    1.380537e-03
1.526000e+01    1.379215e-03
1.527000e+01    1.377895e-03
1.528000e+01    1.376577e-03
1.529000e+01    1.375261e-03
1.530000e+01    1.373948e-03
1.531000e+01    1.372636e-03
1.532000e+01    1.371327e-03
1.533000e+01    1.370020e-03
1.534000e+01    1.368715e-03
1.535000e+01    1.367412e-03
1.536000e+01    1.366111e-03
1.537000e+01    1.364813e-03
1.538000e+01    1.363516e-03
1.539000e+01    1.362222e-03
1.540000e+01    1.360930e-03
1.541000e+01    1.359639e-03
1.542000e+01    1.358351e-03
1.543000e+01    1.357065e-03
1.544000e+01    1.355781e-03
1.545000e+01    1.354499e-03
1.546000e+01    1.353220e-03
1.547000e+01    1.351942e-03
1.548000e+01    1.350666e-03
1.549000e+01    1.349393e-03
1.550000e+01    1.348121e-03
1.551000e+01    1.346852e-03
1.552000e+01    1.345584e-03
1.553000e+01    1.344319e-03
1.554000e+01    1.343055e-03
1.555000e+01    1.341794e-03
1.556000e+01    1.340535e-03
1.557000e+01    1.339277e-03
1.558000e+01    1.338022e-03
1.559000e+01    1.336769e-03
1.560000e+01    1.335517e-03
1.561000e+01    1.334268e-03
1.562000e+01    1.333021e-03
1.563000e+01    1.331776e-03
1.564000e+01    1.330532e-03
1.565000e+01    1.329291e-03
1.566000e+01    1.328052e-03
1.567000e+01    1.326815e-03
1.568000e+01    1.325579e-03
1.569000e+01    1.324346e-03
1.570000e+01    1.323114e-03
1.571000e+01    1.321885e-03
1.572000e+01    1.320658e-03
1.573000e+01    1.319432e-03
1.574000e+01    1.318208e-03
1.575000e+01    1.316987e-03
1.576000e+01    1.315767e-03
1.577000e+01    1.314550e-03
1.578000e+01    1.313334e-03
1.579000e+01    1.312120e-03
1.580000e+01    1.310908e-03
1.581000e+01    1.309698e-03
1.582000e+01    1.308490e-03
1.583000e+01    1.307283e-03
1.584000e+01    1.306079e-03
1.585000e+01    1.304877e-03
1.586000e+01    1.303677e-03
1.587000e+01    1.302478e-03
1.588000e+01    1.301281e-03
1.589000e+01    1.300086e-03
1.590000e+01    1.298893e-03
1.591000e+01    1.297702e-03
1.592000e+01    1.296513e-03
1.593000e+01    1.295326e-03
1.594000e+01    1.294140e-03
1.595000e+01    1.292957e-03
1.596000e+01    1.291775e-03
1.597000e+01    1.290595e-03
1.598000e+01    1.289417e-03
1.599000e+01    1.288241e-03
1.600000e+01    1.287066e-03
1.601000e+01    1.285894e-03
1.602000e+01    1.284723e-03
1.603000e+01    1.283554e-03
1.604000e+01    1.282387e-03
1.605000e+01    1.281222e-03
1.606000e+01    1.280059e-03
1.607000e+01    1.278897e-03
1.608000e+01    1.277737e-03
1.609000e+01    1.276579e-03
1.610000e+01    1.275423e-03
1.611000e+01    1.274269e-03
1.612000e+01    1.273116e-03
1.613000e+01    1.271965e-03
1.614000e+01    1.270816e-03
1.615000e+01    1.269669e-03
1.616000e+01    1.268524e-03
1.617000e+01    1.267380e-03
1.618000e+01    1.266238e-03
1.619000e+01    1.265098e-03
1.620000e+01    1.263960e-03
1.621000e+01    1.262823e-03
1.622000e+01    1.261688e-03
1.623000e+01    1.260555e-03
1.624000e+01    1.259424e-03
1.625000e+01    1.258294e-03
1.626000e+01    1.257166e-03
1.627000e+01    1.256040e-03
1.628000e+01    1.254916e-03
1.629000e+01    1.253793e-03
1.630000e+01    1.252672e-03
1.631000e+01    1.251553e-03
1.632000e+01    1.250435e-03
1.633000e+01    1.249319e-03
1.634000e+01    1.248205e-03
1.635000e+01    1.247093e-03
1.636000e+01    1.245982e-03
1.637000e+01    1.244873e-03
1.638000e+01    1.243766e-03
1.639000e+01    1.242661e-03
1.640000e+01    1.241557e-03
1.641000e+01    1.240455e-03
1.642000e+01    1.239354e-03
1.643000e+01    1.238255e-03
1.644000e+01    1.237158e-03
1.645000e+01    1.236063e-03
1.646000e+01    1.234969e-03
1.647000e+01    1.233877e-03
1.648000e+01    1.232786e-03
1.649000e+01    1.231698e-03
1.650000e+01    1.230611e-03
1.651000e+01    1.229525e-03
1.652000e+01    1.228441e-03
1.653000e+01    1.227359e-03
1.654000e+01    1.226279e-03
1.655000e+01    1.225200e-03
1.656000e+01    1.224122e-03
1.657000e+01    1.223047e-03
1.658000e+01    1.221973e-03
1.659000e+01    1.220901e-03
1.660000e+01    1.219830e-03
1.661000e+01    1.218761e-03
1.662000e+01    1.217693e-03
1.663000e+01    1.216628e-03
1.664000e+01    1.215563e-03
1.665000e+01    1.214501e-03
1.666000e+01    1.213439e-03
1.667000e+01    1.212380e-03
1.668000e+01    1.211322e-03
1.669000e+01    1.210265e-03
1.670000e+01    1.209211e-03
1.671000e+01    1.208158e-03
1.672000e+01    1.207106e-03
1.673000e+01    1.206056e-03
1.674000e+01    1.205008e-03
1.675000e+01    1.203961e-03
1.676000e+01    1.202916e-03
1.677000e+01    1.201872e-03
1.678000e+01    1.200830e-03
1.679000e+01    1.199789e-03
1.680000e+01    1.198750e-03
1.681000e+01    1.197713e-03
1.682000e+01    1.196677e-03
1.683000e+01    1.195642e-03
1.684000e+01    1.194609e-03
1.685000e+01    1.193578e-03
1.686000e+01    1.192548e-03
1.687000e+01    1.191520e-03
1.688000e+01    1.190493e-03
1.689000e+01    1.189468e-03
1.690000e+01    1.188444e-03
1.691000e+01    1.187422e-03
1.692000e+01    1.186402e-03
1.693000e+01    1.185383e-03
1.694000e+01    1.184365e-03
1.695000e+01    1.183349e-03
1.696000e+01    1.182335e-03
1.697000e+01    1.181322e-03
1.698000e+01    1.180310e-03
1.699000e+01    1.179300e-03
1.700000e+01    1.178291e-03
1.701000e+01    1.177284e-03
1.702000e+01    1.176279e-03
1.703000e+01    1.175275e-03
1.704000e+01    1.174272e-03
1.705000e+01    1.173271e-03
1.706000e+01    1.172271e-03
1.707000e+01    1.171273e-03
1.708000e+01    1.170276e-03
1.709000e+01    1.169281e-03
1.710000e+01    1.168287e-03
1.711000e+01    1.167295e-03
1.712000e+01    1.166304e-03
1.713000e+01    1.165315e-03
1.714000e+01    1.164327e-03
1.715000e+01    1.163340e-03
1.716000e+01    1.162355e-03
1.717000e+01    1.161372e-03
1.718000e+01    1.160389e-03
1.719000e+01    1.159409e-03
1.720000e+01    1.158429e-03
1.721000e+01    1.157452e-03
1.722000e+01    1.156475e-03
1.723000e+01    1.155500e-03
1.724000e+01    1.154527e-03
1.725000e+01    1.153554e-03
1.726000e+01    1.152584e-03
1.727000e+01    1.151614e-03
1.728000e+01    1.150646e-03
1.729000e+01    1.149680e-03
1.730000e+01    1.148715e-03
1.731000e+01    1.147751e-03
1.732000e+01    1.146789e-03
1.733000e+01    1.145828e-03
1.734000e+01    1.144868e-03
1.735000e+01    1.143910e-03
1.736000e+01    1.142953e-03
1.737000e+01    1.141998e-03
1.738000e+01    1.141044e-03
1.739000e+01    1.140091e-03
1.740000e+01    1.139140e-03
1.741000e+01    1.138191e-03
1.742000e+01    1.137242e-03
1.743000e+01    1.136295e-03
1.744000e+01    1.135349e-03
1.745000e+01    1.134405e-03
1.746000e+01    1.133462e-03
1.747000e+01    1.132520e-03
1.748000e+01    1.131580e-03
1.749000e+01    1.130641e-03
1.750000e+01    1.129704e-03
1.751000e+01    1.128768e-03
1.752000e+01    1.127833e-03
1.753000e+01    1.126899e-03
1.754000e+01    1.125967e-03
1.755000e+01    1.125036e-03
1.756000e+01    1.124107e-03
1.757000e+01    1.123178e-03
1.758000e+01    1.122251e-03
1.759000e+01    1.121326e-03
1.760000e+01    1.120402e-03
1.761000e+01    1.119479e-03
1.762000e+01    1.118557e-03
1.763000e+01    1.117637e-03
1.764000e+01    1.116718e-03
1.765000e+01    1.115800e-03
1.766000e+01    1.114884e-03
1.767000e+01    1.113969e-03
1.768000e+01    1.113055e-03
1.769000e+01    1.112143e-03
1.770000e+01    1.111232e-03
1.771000e+01    1.110322e-03
1.772000e+01    1.109413e-03
1.773000e+01    1.108506e-03
1.774000e+01    1.107600e-03
1.775000e+01    1.106695e-03
1.776000e+01    1.105792e-03
1.777000e+01    1.104890e-03
1.778000e+01    1.103989e-03
1.779000e+01    1.103090e-03
1.780000e+01    1.102191e-03
1.781000e+01    1.101294e-03
1.782000e+01    1.100399e-03
1.783000e+01    1.099504e-03
1.784000e+01    1.098611e-03
1.785000e+01    1.097719e-03
1.786000e+01    1.096829e-03
1.787000e+01    1.095939e-03
1.788000e+01    1.095048e-03
1.789000e+01    1.094161e-03
1.790000e+01    1.093275e-03
1.791000e+01    1.092391e-03
1.792000e+01    1.091508e-03
1.793000e+01    1.090626e-03
1.794000e+01    1.089745e-03
1.795000e+01    1.088866e-03
1.796000e+01    1.087988e-03
1.797000e+01    1.087111e-03
1.798000e+01    1.086235e-03
1.799000e+01    1.085360e-03
1.800000e+01    1.084487e-03
1.801000e+01    1.083615e-03
1.802000e+01    1.082744e-03
1.803000e+01    1.081874e-03
1.804000e+01    1.081006e-03
1.805000e+01    1.080138e-03
1.806000e+01    1.079274e-03
1.807000e+01    1.078409e-03
1.808000e+01    1.077546e-03
1.809000e+01    1.076683e-03
1.810000e+01    1.075822e-03
1.811000e+01    1.074962e-03
1.812000e+01    1.074103e-03
1.813000e+01    1.073246e-03
1.814000e+01    1.072389e-03
1.815000e+01    1.071534e-03
1.816000e+01    1.070680e-03
1.817000e+01    1.069827e-03
1.818000e+01    1.068976e-03
1.819000e+01    1.068125e-03
1.820000e+01    1.067276e-03
1.821000e+01    1.066428e-03
1.822000e+01    1.065581e-03
1.823000e+01    1.064735e-03
1.824000e+01    1.063890e-03
1.825000e+01    1.063047e-03
1.826000e+01    1.062205e-03
1.827000e+01    1.061364e-03
1.828000e+01    1.060524e-03
1.829000e+01    1.059685e-03
1.830000e+01    1.058847e-03
1.831000e+01    1.058011e-03
1.832000e+01    1.057176e-03
1.833000e+01    1.056341e-03
1.834000e+01    1.055508e-03
1.835000e+01    1.054677e-03
1.836000e+01    1.053846e-03
1.837000e+01    1.053016e-03
1.838000e+01    1.052188e-03
1.839000e+01    1.051361e-03
1.840000e+01    1.050534e-03
1.841000e+01    1.049709e-03
1.842000e+01    1.048885e-03
1.843000e+01    1.048063e-03
1.844000e+01    1.047241e-03
1.845000e+01    1.046420e-03
1.846000e+01    1.045601e-03
1.847000e+01    1.044783e-03
1.848000e+01    1.043966e-03
1.849000e+01    1.043150e-03
1.850000e+01    1.042335e-03
1.851000e+01    1.041521e-03
1.852000e+01    1.040708e-03
1.853000e+01    1.039897e-03
1.854000e+01    1.039086e-03
1.855000e+01    1.038277e-03
1.856000e+01    1.037468e-03
1.857000e+01    1.036661e-03
1.858000e+01    1.035855e-03
1.859000e+01    1.035050e-03
1.860000e+01    1.034246e-03
1.861000e+01    1.033443e-03
1.862000e+01    1.032642e-03
1.863000e+01    1.031841e-03
1.864000e+01    1.031041e-03
1.865000e+01    1.030243e-03
1.866000e+01    1.029446e-03
1.867000e+01    1.028649e-03
1.868000e+01    1.027854e-03
1.869000e+01    1.027060e-03
1.870000e+01    1.026267e-03
1.871000e+01    1.025475e-03
1.872000e+01    1.024684e-03
1.873000e+01    1.023894e-03
1.874000e+01    1.023105e-03
1.875000e+01    1.022318e-03
1.876000e+01    1.021531e-03
1.877000e+01    1.020745e-03
1.878000e+01    1.019961e-03
1.879000e+01    1.019177e-03
1.880000e+01    1.018395e-03
1.881000e+01    1.017613e-03
1.882000e+01    1.016833e-03
1.883000e+01    1.016054e-03
1.884000e+01    1.015276e-03
1.885000e+01    1.014498e-03
1.886000e+01    1.013722e-03
1.887000e+01    1.012947e-03
1.888000e+01    1.012173e-03
1.889000e+01    1.011400e-03
1.890000e+01    1.010628e-03
1.891000e+01    1.009857e-03
1.892000e+01    1.009087e-03
1.893000e+01    1.008318e-03
1.894000e+01    1.007550e-03
1.895000e+01    1.006783e-03
1.896000e+01    1.006017e-03
1.897000e+01    1.005253e-03
1.898000e+01    1.004489e-03
1.899000e+01    1.003726e-03
1.900000e+01    1.002964e-03
1.901000e+01    1.002203e-03
1.902000e+01    1.001444e-03
1.903000e+01    1.000685e-03
1.904000e+01    9.999272e-04
1.905000e+01    9.991705e-04
1.906000e+01    9.984148e-04
1.907000e+01    9.976600e-04
1.908000e+01    9.969063e-04
1.909000e+01    9.961536e-04
1.910000e+01    9.954019e-04
1.911000e+01    9.946512e-04
1.912000e+01    9.939014e-04
1.913000e+01    9.931527e-04
1.914000e+01    9.924050e-04
1.915000e+01    9.916582e-04
1.916000e+01    9.909124e-04
1.917000e+01    9.901677e-04
1.918000e+01    9.894239e-04
1.919000e+01    9.886811e-04
1.920000e+01    9.879392e-04
1.921000e+01    9.871983e-04
1.922000e+01    9.864584e-04
1.923000e+01    9.857195e-04
1.924000e+01    9.849816e-04
1.925000e+01    9.842446e-04
1.926000e+01    9.835086e-04
1.927000e+01    9.827736e-04
1.928000e+01    9.820395e-04
1.929000e+01    9.813064e-04
1.930000e+01    9.805743e-04
1.931000e+01    9.798431e-04
1.932000e+01    9.791129e-04
1.933000e+01    9.783836e-04
1.934000e+01    9.776553e-04
1.935000e+01    9.769279e-04
1.936000e+01    9.762015e-04
1.937000e+01    9.754760e-04
1.938000e+01    9.747515e-04
1.939000e+01    9.740279e-04
1.940000e+01    9.733053e-04
1.941000e+01    9.725836e-04
1.942000e+01    9.718629e-04
1.943000e+01    9.711431e-04
1.944000e+01    9.704242e-04
1.945000e+01    9.697063e-04
1.946000e+01    9.689893e-04
1.947000e+01    9.682733e-04
1.948000e+01    9.675581e-04
1.949000e+01    9.668439e-04
1.950000e+01    9.661307e-04
1.951000e+01    9.654183e-04
1.952000e+01    9.647069e-04
1.953000e+01    9.639964e-04
1.954000e+01    9.632869e-04
1.955000e+01    9.625782e-04
1.956000e+01    9.618705e-04
1.957000e+01    9.611637e-04
1.958000e+01    9.604578e-04
1.959000e+01    9.597528e-04
1.960000e+01    9.590487e-04
1.961000e+01    9.583455e-04
1.962000e+01    9.576433e-04
1.963000e+01    9.569419e-04
1.964000e+01    9.562415e-04
1.965000e+01    9.555438e-04
1.966000e+01    9.548451e-04
1.967000e+01    9.541474e-04
1.968000e+01    9.534505e-04
1.969000e+01    9.527546e-04
1.970000e+01    9.520595e-04
1.971000e+01    9.513655e-04
1.972000e+01    9.506723e-04
1.973000e+01    9.499791e-04
1.974000e+01    9.492876e-04
1.975000e+01    9.485970e-04
1.976000e+01    9.479073e-04
1.977000e+01    9.472185e-04
1.978000e+01    9.465305e-04
1.979000e+01    9.458434e-04
1.980000e+01    9.451572e-04
1.981000e+01    9.444719e-04
1.982000e+01    9.437875e-04
1.983000e+01    9.431039e-04
1.984000e+01    9.424212e-04
1.985000e+01    9.417394e-04
1.986000e+01    9.410585e-04
1.987000e+01    9.403784e-04
1.988000e+01    9.396992e-04
1.989000e+01    9.390209e-04
1.990000e+01    9.383434e-04
1.991000e+01    9.376668e-04
1.992000e+01    9.369910e-04
1.993000e+01    9.363161e-04
1.994000e+01    9.356421e-04
1.995000e+01    9.349689e-04
1.996000e+01    9.342966e-04
1.997000e+01    9.336251e-04
1.998000e+01    9.329545e-04
1.999000e+01    9.322848e-04
