1.000000e+00   -2.134069e-02
1.010000e+00   -2.029365e-02
1.020000e+00   -1.928244e-02
1.030000e+00   -1.830563e-02
1.040000e+00   -1.736187e-02
1.050000e+00   -1.644984e-02
1.060000e+00   -1.556832e-02
1.070000e+00   -1.471611e-02
1.080000e+00   -1.389211e-02
1.090000e+00   -1.309522e-02
1.100000e+00   -1.232443e-02
1.110000e+00   -1.157875e-02
1.120000e+00   -1.085726e-02
1.130000e+00   -1.015904e-02
1.140000e+00   -9.483261e-03
1.150000e+00   -8.829087e-03
1.160000e+00   -8.195741e-03
1.170000e+00   -7.582471e-03
1.180000e+00   -6.988562e-03
1.190000e+00   -6.413324e-03
1.200000e+00   -5.856100e-03
1.210000e+00   -5.316259e-03
1.220000e+00   -4.793195e-03
1.230000e+00   -4.286327e-03
1.240000e+00   -3.795100e-03
1.250000e+00   -3.318979e-03
1.260000e+00   -2.857451e-03
1.270000e+00   -2.410024e-03
1.280000e+00   -1.976225e-03
1.290000e+00   -1.555599e-03
1.300000e+00   -1.147711e-03
1.310000e+00   -7.521394e-04
1.320000e+00   -3.684823e-04
1.330000e+00    3.648813e-06
1.340000e+00    3.646272e-04
1.350000e+00    7.148119e-04
1.360000e+00    1.054549e-03
1.370000e+00    1.384170e-03
1.380000e+00    1.703997e-03
1.390000e+00    2.014338e-03
1.400000e+00    2.315490e-03
1.410000e+00    2.607740e-03
1.420000e+00    2.891363e-03
1.430000e+00    3.166627e-03
1.440000e+00    3.433787e-03
1.450000e+00    3.693091e-03
1.460000e+00    3.944779e-03
1.470000e+00    4.189080e-03
1.480000e+00    4.426218e-03
1.490000e+00    4.656406e-03
1.500000e+00    4.879851e-03
1.510000e+00    5.096755e-03
1.520000e+00    5.307310e-03
1.530000e+00    5.511704e-03
1.540000e+00    5.710116e-03
1.550000e+00    5.902721e-03
1.560000e+00    6.089687e-03
1.570000e+00    6.271178e-03
1.580000e+00    6.447351e-03
1.590000e+00    6.618358e-03
1.600000e+00    6.784347e-03
1.610000e+00    6.945461e-03
1.620000e+00    7.101837e-03
1.630000e+00    7.253609e-03
1.640000e+00    7.400906e-03
1.650000e+00    7.543854e-03
1.660000e+00    7.682574e-03
1.670000e+00    7.817182e-03
1.680000e+00    7.947794e-03
1.690000e+00    8.074517e-03
1.700000e+00    8.197461e-03
1.710000e+00    8.316727e-03
1.720000e+00    8.432417e-03
1.730000e+00    8.544626e-03
1.740000e+00    8.653450e-03
1.750000e+00    8.758980e-03
1.760000e+00    8.861304e-03
1.770000e+00    8.960507e-03
1.780000e+00    9.056675e-03
1.790000e+00    9.149886e-03
1.800000e+00    9.240220e-03
1.810000e+00    9.327753e-03
1.820000e+00    9.412559e-03
1.830000e+00    9.494709e-03
1.840000e+00    9.574272e-03
1.850000e+00    9.651317e-03
1.860000e+00    9.725909e-03
1.870000e+00    9.798112e-03
1.880000e+00    9.867988e-03
1.890000e+00    9.935596e-03
1.900000e+00    1.000100e-02
1.910000e+00    1.006424e-02
1.920000e+00    1.012539e-02
1.930000e+00    1.018450e-02
1.940000e+00    1.024162e-02
1.950000e+00    1.029679e-02
1.960000e+00    1.035008e-02
1.970000e+00    1.040152e-02
1.980000e+00    1.045116e-02
1.990000e+00    1.049906e-02
2.000000e+00    1.054524e-02
2.010000e+00    1.058976e-02
2.020000e+00    1.063266e-02
2.030000e+00    1.067397e-02
2.040000e+00    1.071375e-02
2.050000e+00    1.075201e-02
2.060000e+00    1.078881e-02
2.070000e+00    1.082418e-02
2.080000e+00    1.085816e-02
2.090000e+00    1.089077e-02
2.100000e+00    1.092206e-02
2.110000e+00    1.095205e-02
2.120000e+00    1.098077e-02
2.130000e+00    1.100827e-02
2.140000e+00    1.103456e-02
2.150000e+00    1.105968e-02
2.160000e+00    1.108366e-02
2.170000e+00    1.110652e-02
2.180000e+00    1.112830e-02
2.190000e+00    1.114901e-02
2.200000e+00    1.116868e-02
2.210000e+00    1.118734e-02
2.220000e+00    1.120502e-02
2.230000e+00    1.122173e-02
2.240000e+00    1.123751e-02
2.250000e+00    1.125236e-02
2.260000e+00    1.126633e-02
2.270000e+00    1.127942e-02
2.280000e+00    1.129165e-02
2.290000e+00    1.130306e-02
2.300000e+00    1.131365e-02
2.310000e+00    1.132345e-02
2.320000e+00    1.133248e-02
2.330000e+00    1.134076e-02
2.340000e+00    1.134829e-02
2.350000e+00    1.135511e-02
2.360000e+00    1.136123e-02
2.370000e+00    1.136666e-02
2.380000e+00    1.137143e-02
2.390000e+00    1.137554e-02
2.400000e+00    1.137902e-02
2.410000e+00    1.138187e-02
2.420000e+00    1.138412e-02
2.430000e+00    1.138578e-02
2.440000e+00    1.138686e-02
2.450000e+00    1.138737e-02
2.460000e+00    1.138734e-02
2.470000e+00    1.138677e-02
2.480000e+00    1.138567e-02
2.490000e+00    1.138406e-02
2.500000e+00    1.138196e-02
2.510000e+00    1.137936e-02
2.520000e+00    1.137630e-02
2.530000e+00    1.137276e-02
2.540000e+00    1.136878e-02
2.550000e+00    1.136435e-02
2.560000e+00    1.135949e-02
2.570000e+00    1.135421e-02
2.580000e+00    1.134852e-02
2.590000e+00    1.134243e-02
2.600000e+00    1.133594e-02
2.610000e+00    1.132908e-02
2.620000e+00    1.132184e-02
2.630000e+00    1.131425e-02
2.640000e+00    1.130629e-02
2.650000e+00    1.129799e-02
2.660000e+00    1.128936e-02
2.670000e+00    1.128039e-02
2.680000e+00    1.127111e-02
2.690000e+00    1.126151e-02
2.700000e+00    1.125161e-02
2.710000e+00    1.124141e-02
2.720000e+00    1.123092e-02
2.730000e+00    1.122014e-02
2.740000e+00    1.120909e-02
2.750000e+00    1.119778e-02
2.760000e+00    1.118619e-02
2.770000e+00    1.117436e-02
2.780000e+00    1.116227e-02
2.790000e+00    1.114995e-02
2.800000e+00    1.113738e-02
2.810000e+00    1.112459e-02
2.820000e+00    1.111157e-02
2.830000e+00    1.109833e-02
2.840000e+00    1.108488e-02
2.850000e+00    1.107122e-02
2.860000e+00    1.105736e-02
2.870000e+00    1.104330e-02
2.880000e+00    1.102905e-02
2.890000e+00    1.101461e-02
2.900000e+00    1.099999e-02
2.910000e+00    1.098520e-02
2.920000e+00    1.097023e-02
2.930000e+00    1.095510e-02
2.940000e+00    1.093980e-02
2.950000e+00    1.092434e-02
2.960000e+00    1.090873e-02
2.970000e+00    1.089297e-02
2.980000e+00    1.087706e-02
2.990000e+00    1.086101e-02
3.000000e+00    1.084482e-02
3.010000e+00    1.082850e-02
3.020000e+00    1.081205e-02
3.030000e+00    1.079547e-02
3.040000e+00    1.077877e-02
3.050000e+00    1.076195e-02
3.060000e+00    1.074502e-02
3.070000e+00    1.072797e-02
3.080000e+00    1.071081e-02
3.090000e+00    1.069355e-02
3.100000e+00    1.067618e-02
3.110000e+00    1.065872e-02
3.120000e+00    1.064116e-02
3.130000e+00    1.062351e-02
3.140000e+00    1.060576e-02
3.150000e+00    1.058793e-02
3.160000e+00    1.057002e-02
3.170000e+00    1.055202e-02
3.180000e+00    1.053394e-02
3.190000e+00    1.051579e-02
3.200000e+00    1.049756e-02
3.210000e+00    1.047926e-02
3.220000e+00    1.046089e-02
3.230000e+00    1.044246e-02
3.240000e+00    1.042396e-02
3.250000e+00    1.040540e-02
3.260000e+00    1.038678e-02
3.270000e+00    1.036810e-02
3.280000e+00    1.034937e-02
3.290000e+00    1.033059e-02
3.300000e+00    1.031175e-02
3.310000e+00    1.029287e-02
3.320000e+00    1.027394e-02
3.330000e+00    1.025496e-02
3.340000e+00    1.023594e-02
3.350000e+00    1.021688e-02
3.360000e+00    1.019778e-02
3.370000e+00    1.017864e-02
3.380000e+00    1.015947e-02
3.390000e+00    1.014026e-02
3.400000e+00    1.012102e-02
3.410000e+00    1.010175e-02
3.420000e+00    1.008246e-02
3.430000e+00    1.006313e-02
3.440000e+00    1.004378e-02
3.450000e+00    1.002440e-02
3.460000e+00    1.000500e-02
3.470000e+00    9.985582e-03
3.480000e+00    9.966142e-03
3.490000e+00    9.946683e-03
3.500000e+00    9.927207e-03
3.510000e+00    9.907715e-03
3.520000e+00    9.888209e-03
3.530000e+00    9.868689e-03
3.540000e+00    9.849157e-03
3.550000e+00    9.829614e-03
3.560000e+00    9.810062e-03
3.570000e+00    9.790501e-03
3.580000e+00    9.770933e-03
3.590000e+00    9.751359e-03
3.600000e+00    9.731780e-03
3.610000e+00    9.712196e-03
3.620000e+00    9.692610e-03
3.630000e+00    9.673022e-03
3.640000e+00    9.653433e-03
3.650000e+00    9.633844e-03
3.660000e+00    9.614256e-03
3.670000e+00    9.594670e-03
3.680000e+00    9.575087e-03
3.690000e+00    9.555508e-03
3.700000e+00    9.535934e-03
3.710000e+00    9.516365e-03
3.720000e+00    9.496802e-03
3.730000e+00    9.477247e-03
3.740000e+00    9.457700e-03
3.750000e+00    9.438162e-03
3.760000e+00    9.418633e-03
3.770000e+00    9.399115e-03
3.780000e+00    9.379607e-03
3.790000e+00    9.360112e-03
3.800000e+00    9.340629e-03
3.810000e+00    9.321160e-03
3.820000e+00    9.301704e-03
3.830000e+00    9.282263e-03
3.840000e+00    9.262837e-03
3.850000e+00    9.243427e-03
3.860000e+00    9.224034e-03
3.870000e+00    9.204657e-03
3.880000e+00    9.185299e-03
3.890000e+00    9.165958e-03
3.900000e+00    9.146637e-03
3.910000e+00    9.127334e-03
3.920000e+00    9.108052e-03
3.930000e+00    9.088790e-03
3.940000e+00    9.069549e-03
3.950000e+00    9.050330e-03
3.960000e+00    9.031132e-03
3.970000e+00    9.011957e-03
3.980000e+00    8.992805e-03
3.990000e+00    8.973676e-03
4.000000e+00    8.954570e-03
4.010000e+00    8.935490e-03
4.020000e+00    8.916433e-03
4.030000e+00    8.897402e-03
4.040000e+00    8.878396e-03
4.050000e+00    8.859416e-03
4.060000e+00    8.840463e-03
4.070000e+00    8.821536e-03
4.080000e+00    8.802636e-03
4.090000e+00    8.783763e-03
4.100000e+00    8.764918e-03
4.110000e+00    8.746101e-03
4.120000e+00    8.727312e-03
4.130000e+00    8.708552e-03
4.140000e+00    8.689822e-03
4.150000e+00    8.671120e-03
4.160000e+00    8.652448e-03
4.170000e+00    8.633806e-03
4.180000e+00    8.615194e-03
4.190000e+00    8.596612e-03
4.200000e+00    8.578062e-03
4.210000e+00    8.559542e-03
4.220000e+00    8.541053e-03
4.230000e+00    8.522596e-03
4.240000e+00    8.504171e-03
4.250000e+00    8.485778e-03
4.260000e+00    8.467417e-03
4.270000e+00    8.449088e-03
4.280000e+00    8.430792e-03
4.290000e+00    8.412528e-03
4.300000e+00    8.394298e-03
4.310000e+00    8.376101e-03
4.320000e+00    8.357937e-03
4.330000e+00    8.339807e-03
4.340000e+00    8.321711e-03
4.350000e+00    8.303649e-03
4.360000e+00    8.285621e-03
4.370000e+00    8.267627e-03
4.380000e+00    8.249667e-03
4.390000e+00    8.231742e-03
4.400000e+00    8.213852e-03
4.410000e+00    8.195997e-03
4.420000e+00    8.178177e-03
4.430000e+00    8.160392e-03
4.440000e+00    8.142642e-03
4.450000e+00    8.124928e-03
4.460000e+00    8.107249e-03
4.470000e+00    8.089606e-03
4.480000e+00    8.071999e-03
4.490000e+00    8.054427e-03
4.500000e+00    8.036892e-03
4.510000e+00    8.019392e-03
4.520000e+00    8.001929e-03
4.530000e+00    7.984502e-03
4.540000e+00    7.967111e-03
4.550000e+00    7.949757e-03
4.560000e+00    7.932440e-03
4.570000e+00    7.915158e-03
4.580000e+00    7.897914e-03
4.590000e+00    7.880706e-03
4.600000e+00    7.863535e-03
4.610000e+00    7.846401e-03
4.620000e+00    7.829304e-03
4.630000e+00    7.812244e-03
4.640000e+00    7.795221e-03
4.650000e+00    7.778235e-03
4.660000e+00    7.761286e-03
4.670000e+00    7.744374e-03
4.680000e+00    7.727500e-03
4.690000e+00    7.710663e-03
4.700000e+00    7.693863e-03
4.710000e+00    7.677100e-03
4.720000e+00    7.660375e-03
4.730000e+00    7.643687e-03
4.740000e+00    7.627037e-03
4.750000e+00    7.610424e-03
4.760000e+00    7.593848e-03
4.770000e+00    7.577310e-03
4.780000e+00    7.560809e-03
4.790000e+00    7.544346e-03
4.800000e+00    7.527921e-03
4.810000e+00    7.511533e-03
4.820000e+00    7.495182e-03
4.830000e+00    7.478869e-03
4.840000e+00    7.462594e-03
4.850000e+00    7.446356e-03
4.860000e+00    7.430156e-03
4.870000e+00    7.413993e-03
4.880000e+00    7.397868e-03
4.890000e+00    7.381780e-03
4.900000e+00    7.365730e-03
4.910000e+00    7.349717e-03
4.920000e+00    7.333742e-03
4.930000e+00    7.317804e-03
4.940000e+00    7.301904e-03
4.950000e+00    7.286041e-03
4.960000e+00    7.270216e-03
4.970000e+00    7.254428e-03
4.980000e+00    7.238678e-03
4.990000e+00    7.222964e-03
5.000000e+00    7.207289e-03
5.010000e+00    7.191650e-03
5.020000e+00    7.176049e-03
5.030000e+00    7.160485e-03
5.040000e+00    7.144958e-03
5.050000e+00    7.129469e-03
5.060000e+00    7.114016e-03
5.070000e+00    7.098601e-03
5.080000e+00    7.083223e-03
5.090000e+00    7.067882e-03
5.100000e+00    7.052578e-03
5.110000e+00    7.037311e-03
5.120000e+00    7.022081e-03
5.130000e+00    7.006888e-03
5.140000e+00    6.991731e-03
5.150000e+00    6.976612e-03
5.160000e+00    6.961529e-03
5.170000e+00    6.946483e-03
5.180000e+00    6.931473e-03
5.190000e+00    6.916501e-03
5.200000e+00    6.901565e-03
5.210000e+00    6.886665e-03
5.220000e+00    6.871802e-03
5.230000e+00    6.856975e-03
5.240000e+00    6.842185e-03
5.250000e+00    6.827431e-03
5.260000e+00    6.812713e-03
5.270000e+00    6.798031e-03
5.280000e+00    6.783386e-03
5.290000e+00    6.768776e-03
5.300000e+00    6.754203e-03
5.310000e+00    6.739666e-03
5.320000e+00    6.725165e-03
5.330000e+00    6.710699e-03
5.340000e+00    6.696269e-03
5.350000e+00    6.681875e-03
5.360000e+00    6.667517e-03
5.370000e+00    6.653194e-03
5.380000e+00    6.638907e-03
5.390000e+00    6.624656e-03
5.400000e+00    6.610440e-03
5.410000e+00    6.596259e-03
5.420000e+00    6.582113e-03
5.430000e+00    6.568003e-03
5.440000e+00    6.553928e-03
5.450000e+00    6.539888e-03
5.460000e+00    6.525883e-03
5.470000e+00    6.511913e-03
5.480000e+00    6.497978e-03
5.490000e+00    6.484078e-03
5.500000e+00    6.470212e-03
5.510000e+00    6.456382e-03
5.520000e+00    6.442586e-03
5.530000e+00    6.428824e-03
5.540000e+00    6.415097e-03
5.550000e+00    6.401404e-03
5.560000e+00    6.387746e-03
5.570000e+00    6.374122e-03
5.580000e+00    6.360532e-03
5.590000e+00    6.346976e-03
5.600000e+00    6.333454e-03
5.610000e+00    6.319967e-03
5.620000e+00    6.306513e-03
5.630000e+00    6.293093e-03
5.640000e+00    6.279707e-03
5.650000e+00    6.266354e-03
5.660000e+00    6.253035e-03
5.670000e+00    6.239750e-03
5.680000e+00    6.226498e-03
5.690000e+00    6.213279e-03
5.700000e+00    6.200094e-03
5.710000e+00    6.186942e-03
5.720000e+00    6.173823e-03
5.730000e+00    6.160738e-03
5.740000e+00    6.147685e-03
5.750000e+00    6.134665e-03
5.760000e+00    6.121678e-03
5.770000e+00    6.108724e-03
5.780000e+00    6.095802e-03
5.790000e+00    6.082913e-03
5.800000e+00    6.070057e-03
5.810000e+00    6.057233e-03
5.820000e+00    6.044442e-03
5.830000e+00    6.031682e-03
5.840000e+00    6.018956e-03
5.850000e+00    6.006261e-03
5.860000e+00    5.993598e-03
5.870000e+00    5.980967e-03
5.880000e+00    5.968368e-03
5.890000e+00    5.955802e-03
5.900000e+00    5.943266e-03
5.910000e+00    5.930763e-03
5.920000e+00    5.918291e-03
5.930000e+00    5.905850e-03
5.940000e+00    5.893442e-03
5.950000e+00    5.881064e-03
5.960000e+00    5.868718e-03
5.970000e+00    5.856403e-03
5.980000e+00    5.844119e-03
5.990000e+00    5.831866e-03
6.000000e+00    5.819644e-03
6.010000e+00    5.807453e-03
6.020000e+00    5.795293e-03
6.030000e+00    5.783163e-03
6.040000e+00    5.771064e-03
6.050000e+00    5.758996e-03
6.060000e+00    5.746958e-03
6.070000e+00    5.734951e-03
6.080000e+00    5.722974e-03
6.090000e+00    5.711027e-03
6.100000e+00    5.699110e-03
6.110000e+00    5.687224e-03
6.120000e+00    5.675368e-03
6.130000e+00    5.663541e-03
6.140000e+00    5.651744e-03
6.150000e+00    5.639977e-03
6.160000e+00    5.628240e-03
6.170000e+00    5.616533e-03
6.180000e+00    5.604855e-03
6.190000e+00    5.593206e-03
6.200000e+00    5.581587e-03
6.210000e+00    5.569997e-03
6.220000e+00    5.558437e-03
6.230000e+00    5.546905e-03
6.240000e+00    5.535403e-03
6.250000e+00    5.523929e-03
6.260000e+00    5.512485e-03
6.270000e+00    5.501069e-03
6.280000e+00    5.489682e-03
6.290000e+00    5.478324e-03
6.300000e+00    5.466995e-03
6.310000e+00    5.455694e-03
6.320000e+00    5.444421e-03
6.330000e+00    5.433177e-03
6.340000e+00    5.421961e-03
6.350000e+00    5.410773e-03
6.360000e+00    5.399613e-03
6.370000e+00    5.388482e-03
6.380000e+00    5.377378e-03
6.390000e+00    5.366303e-03
6.400000e+00    5.355255e-03
6.410000e+00    5.344235e-03
6.420000e+00    5.333242e-03
6.430000e+00    5.322278e-03
6.440000e+00    5.311340e-03
6.450000e+00    5.300430e-03
6.460000e+00    5.289548e-03
6.470000e+00    5.278693e-03
6.480000e+00    5.267865e-03
6.490000e+00    5.257064e-03
6.500000e+00    5.246290e-03
6.510000e+00    5.235543e-03
6.520000e+00    5.224823e-03
6.530000e+00    5.214130e-03
6.540000e+00    5.203464e-03
6.550000e+00    5.192824e-03
6.560000e+00    5.182211e-03
6.570000e+00    5.171625e-03
6.580000e+00    5.161064e-03
6.590000e+00    5.150531e-03
6.600000e+00    5.140023e-03
6.610000e+00    5.129542e-03
6.620000e+00    5.119087e-03
6.630000e+00    5.108658e-03
6.640000e+00    5.098256e-03
6.650000e+00    5.087879e-03
6.660000e+00    5.077527e-03
6.670000e+00    5.067202e-03
6.680000e+00    5.056903e-03
6.690000e+00    5.046629e-03
6.700000e+00    5.036380e-03
6.710000e+00    5.026157e-03
6.720000e+00    5.015960e-03
6.730000e+00    5.005788e-03
6.740000e+00    4.995641e-03
6.750000e+00    4.985519e-03
6.760000e+00    4.975423e-03
6.770000e+00    4.965351e-03
6.780000e+00    4.955305e-03
6.790000e+00    4.945283e-03
6.800000e+00    4.935286e-03
6.810000e+00    4.925314e-03
6.820000e+00    4.915367e-03
6.830000e+00    4.905445e-03
6.840000e+00    4.895546e-03
6.850000e+00    4.885673e-03
6.860000e+00    4.875824e-03
6.870000e+00    4.865999e-03
6.880000e+00    4.856198e-03
6.890000e+00    4.846422e-03
6.900000e+00    4.836670e-03
6.910000e+00    4.826942e-03
6.920000e+00    4.817238e-03
6.930000e+00    4.807557e-03
6.940000e+00    4.797901e-03
6.950000e+00    4.788268e-03
6.960000e+00    4.778660e-03
6.970000e+00    4.769074e-03
6.980000e+00    4.759513e-03
6.990000e+00    4.749975e-03
7.000000e+00    4.740460e-03
7.010000e+00    4.730969e-03
7.020000e+00    4.721501e-03
7.030000e+00    4.712056e-03
7.040000e+00    4.702634e-03
7.050000e+00    4.693236e-03
7.060000e+00    4.683860e-03
7.070000e+00    4.674508e-03
7.080000e+00    4.665178e-03
7.090000e+00    4.655872e-03
7.100000e+00    4.646588e-03
7.110000e+00    4.637327e-03
7.120000e+00    4.628088e-03
7.130000e+00    4.618872e-03
7.140000e+00    4.609678e-03
7.150000e+00    4.600507e-03
7.160000e+00    4.591359e-03
7.170000e+00    4.582232e-03
7.180000e+00    4.573128e-03
7.190000e+00    4.564046e-03
7.200000e+00    4.554986e-03
7.210000e+00    4.545949e-03
7.220000e+00    4.536933e-03
7.230000e+00    4.527939e-03
7.240000e+00    4.518967e-03
7.250000e+00    4.510017e-03
7.260000e+00    4.501088e-03
7.270000e+00    4.492181e-03
7.280000e+00    4.483296e-03
7.290000e+00    4.474432e-03
7.300000e+00    4.465590e-03
7.310000e+00    4.456769e-03
7.320000e+00    4.447970e-03
7.330000e+00    4.439192e-03
7.340000e+00    4.430435e-03
7.350000e+00    4.421699e-03
7.360000e+00    4.412984e-03
7.370000e+00    4.404291e-03
7.380000e+00    4.395618e-03
7.390000e+00    4.386966e-03
7.400000e+00    4.378336e-03
7.410000e+00    4.369726e-03
7.420000e+00    4.361136e-03
7.430000e+00    4.352568e-03
7.440000e+00    4.344020e-03
7.450000e+00    4.335492e-03
7.460000e+00    4.326985e-03
7.470000e+00    4.318499e-03
7.480000e+00    4.310032e-03
7.490000e+00    4.301587e-03
7.500000e+00    4.293161e-03
7.510000e+00    4.284756e-03
7.520000e+00    4.276370e-03
7.530000e+00    4.268005e-03
7.540000e+00    4.259660e-03
7.550000e+00    4.251335e-03
7.560000e+00    4.243030e-03
7.570000e+00    4.234744e-03
7.580000e+00    4.226479e-03
7.590000e+00    4.218233e-03
7.600000e+00    4.210006e-03
7.610000e+00    4.201800e-03
7.620000e+00    4.193613e-03
7.630000e+00    4.185445e-03
7.640000e+00    4.177297e-03
7.650000e+00    4.169168e-03
7.660000e+00    4.161059e-03
7.670000e+00    4.152969e-03
7.680000e+00    4.144898e-03
7.690000e+00    4.136846e-03
7.700000e+00    4.128813e-03
7.710000e+00    4.120800e-03
7.720000e+00    4.112805e-03
7.730000e+00    4.104829e-03
7.740000e+00    4.096873e-03
7.750000e+00    4.088935e-03
7.760000e+00    4.081016e-03
7.770000e+00    4.073115e-03
7.780000e+00    4.065233e-03
7.790000e+00    4.057370e-03
7.800000e+00    4.049525e-03
7.810000e+00    4.041699e-03
7.820000e+00    4.033892e-03
7.830000e+00    4.026102e-03
7.840000e+00    4.018331e-03
7.850000e+00    4.010579e-03
7.860000e+00    4.002844e-03
7.870000e+00    3.995128e-03
7.880000e+00    3.987430e-03
7.890000e+00    3.979750e-03
7.900000e+00    3.972088e-03
7.910000e+00    3.964444e-03
7.920000e+00    3.956818e-03
7.930000e+00    3.949209e-03
7.940000e+00    3.941619e-03
7.950000e+00    3.934046e-03
7.960000e+00    3.926491e-03
7.970000e+00    3.918954e-03
7.980000e+00    3.911434e-03
7.990000e+00    3.903932e-03
8.000000e+00    3.896448e-03
8.010000e+00    3.888980e-03
8.020000e+00    3.881531e-03
8.030000e+00    3.874098e-03
8.040000e+00    3.866683e-03
8.050000e+00    3.859285e-03
8.060000e+00    3.851905e-03
8.070000e+00    3.844541e-03
8.080000e+00    3.837195e-03
8.090000e+00    3.829865e-03
8.100000e+00    3.822553e-03
8.110000e+00    3.815258e-03
8.120000e+00    3.807979e-03
8.130000e+00    3.800718e-03
8.140000e+00    3.793473e-03
8.150000e+00    3.786245e-03
8.160000e+00    3.779033e-03
8.170000e+00    3.771839e-03
8.180000e+00    3.764661e-03
8.190000e+00    3.757499e-03
8.200000e+00    3.750354e-03
8.210000e+00    3.743226e-03
8.220000e+00    3.736114e-03
8.230000e+00    3.729018e-03
8.240000e+00    3.721939e-03
8.250000e+00    3.714876e-03
8.260000e+00    3.707829e-03
8.270000e+00    3.700798e-03
8.280000e+00    3.693784e-03
8.290000e+00    3.686786e-03
8.300000e+00    3.679803e-03
8.310000e+00    3.672837e-03
8.320000e+00    3.665887e-03
8.330000e+00    3.658952e-03
8.340000e+00    3.652034e-03
8.350000e+00    3.645131e-03
8.360000e+00    3.638244e-03
8.370000e+00    3.631373e-03
8.380000e+00    3.624517e-03
8.390000e+00    3.617677e-03
8.400000e+00    3.610853e-03
8.410000e+00    3.604044e-03
8.420000e+00    3.597251e-03
8.430000e+00    3.590473e-03
8.440000e+00    3.583711e-03
8.450000e+00    3.576964e-03
8.460000e+00    3.570232e-03
8.470000e+00    3.563516e-03
8.480000e+00    3.556815e-03
8.490000e+00    3.550129e-03
8.500000e+00    3.543458e-03
8.510000e+00    3.536803e-03
8.520000e+00    3.530162e-03
8.530000e+00    3.523537e-03
8.540000e+00    3.516926e-03
8.550000e+00    3.510331e-03
8.560000e+00    3.503750e-03
8.570000e+00    3.497184e-03
8.580000e+00    3.490633e-03
8.590000e+00    3.484097e-03
8.600000e+00    3.477575e-03
8.610000e+00    3.471068e-03
8.620000e+00    3.464576e-03
8.630000e+00    3.458099e-03
8.640000e+00    3.451636e-03
8.650000e+00    3.445187e-03
8.660000e+00    3.438753e-03
8.670000e+00    3.432334e-03
8.680000e+00    3.425929e-03
8.690000e+00    3.419538e-03
8.700000e+00    3.413162e-03
8.710000e+00    3.406799e-03
8.720000e+00    3.400451e-03
8.730000e+00    3.394118e-03
8.740000e+00    3.387798e-03
8.750000e+00    3.381493e-03
8.760000e+00    3.375201e-03
8.770000e+00    3.368924e-03
8.780000e+00    3.362661e-03
8.790000e+00    3.356411e-03
8.800000e+00    3.350176e-03
8.810000e+00    3.343955e-03
8.820000e+00    3.337747e-03
8.830000e+00    3.331553e-03
8.840000e+00    3.325373e-03
8.850000e+00    3.319206e-03
8.860000e+00    3.313054e-03
8.870000e+00    3.306915e-03
8.880000e+00    3.300789e-03
8.890000e+00    3.294677e-03
8.900000e+00    3.288579e-03
8.910000e+00    3.282494e-03
8.920000e+00    3.276423e-03
8.930000e+00    3.270365e-03
8.940000e+00    3.264320e-03
8.950000e+00    3.258289e-03
8.960000e+00    3.252271e-03
8.970000e+00    3.246267e-03
8.980000e+00    3.240275e-03
8.990000e+00    3.234297e-03
9.000000e+00    3.228332e-03
9.010000e+00    3.222380e-03
9.020000e+00    3.216441e-03
9.030000e+00    3.210515e-03
9.040000e+00    3.204603e-03
9.050000e+00    3.198703e-03
9.060000e+00    3.192816e-03
9.070000e+00    3.186942e-03
9.080000e+00    3.181081e-03
9.090000e+00    3.175233e-03
9.100000e+00    3.169398e-03
9.110000e+00    3.163575e-03
9.120000e+00    3.157765e-03
9.130000e+00    3.151968e-03
9.140000e+00    3.146183e-03
9.150000e+00    3.140411e-03
9.160000e+00    3.134652e-03
9.170000e+00    3.128905e-03
9.180000e+00    3.123171e-03
9.190000e+00    3.117449e-03
9.200000e+00    3.111740e-03
9.210000e+00    3.106043e-03
9.220000e+00    3.100359e-03
9.230000e+00    3.094686e-03
9.240000e+00    3.089027e-03
9.250000e+00    3.083379e-03
9.260000e+00    3.077744e-03
9.270000e+00    3.072120e-03
9.280000e+00    3.066510e-03
9.290000e+00    3.060911e-03
9.300000e+00    3.055324e-03
9.310000e+00    3.049750e-03
9.320000e+00    3.044187e-03
9.330000e+00    3.038636e-03
9.340000e+00    3.033098e-03
9.350000e+00    3.027571e-03
9.360000e+00    3.022057e-03
9.370000e+00    3.016554e-03
9.380000e+00    3.011063e-03
9.390000e+00    3.005584e-03
9.400000e+00    3.000116e-03
9.410000e+00    2.994661e-03
9.420000e+00    2.989217e-03
9.430000e+00    2.983785e-03
9.440000e+00    2.978364e-03
9.450000e+00    2.972955e-03
9.460000e+00    2.967558e-03
9.470000e+00    2.962172e-03
9.480000e+00    2.956798e-03
9.490000e+00    2.951435e-03
9.500000e+00    2.946084e-03
9.510000e+00    2.940744e-03
9.520000e+00    2.935416e-03
9.530000e+00    2.930099e-03
9.540000e+00    2.924793e-03
9.550000e+00    2.919498e-03
9.560000e+00    2.914215e-03
9.570000e+00    2.908943e-03
9.580000e+00    2.903683e-03
9.590000e+00    2.898433e-03
9.600000e+00    2.893195e-03
9.610000e+00    2.887968e-03
9.620000e+00    2.882752e-03
9.630000e+00    2.877547e-03
9.640000e+00    2.872353e-03
9.650000e+00    2.867170e-03
9.660000e+00    2.861998e-03
9.670000e+00    2.856837e-03
9.680000e+00    2.851687e-03
9.690000e+00    2.846548e-03
9.700000e+00    2.841419e-03
9.710000e+00    2.836302e-03
9.720000e+00    2.831195e-03
9.730000e+00    2.826099e-03
9.740000e+00    2.821014e-03
9.750000e+00    2.815940e-03
9.760000e+00    2.810876e-03
9.770000e+00    2.805823e-03
9.780000e+00    2.800780e-03
9.790000e+00    2.795748e-03
9.800000e+00    2.790727e-03
9.810000e+00    2.785716e-03
9.820000e+00    2.780716e-03
9.830000e+00    2.775726e-03
9.840000e+00    2.770747e-03
9.850000e+00    2.765778e-03
9.860000e+00    2.760820e-03
9.870000e+00    2.755872e-03
9.880000e+00    2.750934e-03
9.890000e+00    2.746007e-03
9.900000e+00    2.741089e-03
9.910000e+00    2.736183e-03
9.920000e+00    2.731286e-03
9.930000e+00    2.726400e-03
9.940000e+00    2.721523e-03
9.950000e+00    2.716657e-03
9.960000e+00    2.711801e-03
9.970000e+00    2.706956e-03
9.980000e+00    2.702120e-03
9.990000e+00    2.697294e-03
1.000000e+01    2.692479e-03
1.001000e+01    2.687673e-03
1.002000e+01    2.682877e-03
1.003000e+01    2.678092e-03
1.004000e+01    2.673316e-03
1.005000e+01    2.668550e-03
1.006000e+01    2.663794e-03
1.007000e+01    2.659048e-03
1.008000e+01    2.654311e-03
1.009000e+01    2.649585e-03
1.010000e+01    2.644868e-03
1.011000e+01    2.640161e-03
1.012000e+01    2.635463e-03
1.013000e+01    2.630776e-03
1.014000e+01    2.626098e-03
1.015000e+01    2.621429e-03
1.016000e+01    2.616770e-03
1.017000e+01    2.612121e-03
1.018000e+01    2.607482e-03
1.019000e+01    2.602851e-03
1.020000e+01    2.598231e-03
1.021000e+01    2.593620e-03
1.022000e+01    2.589018e-03
1.023000e+01    2.584426e-03
1.024000e+01    2.579843e-03
1.025000e+01    2.575270e-03
1.026000e+01    2.570705e-03
1.027000e+01    2.566151e-03
1.028000e+01    2.561605e-03
1.029000e+01    2.557069e-03
1.030000e+01    2.552542e-03
1.031000e+01    2.548025e-03
1.032000e+01    2.543516e-03
1.033000e+01    2.539017e-03
1.034000e+01    2.534527e-03
1.035000e+01    2.530046e-03
1.036000e+01    2.525574e-03
1.037000e+01    2.521112e-03
1.038000e+01    2.516658e-03
1.039000e+01    2.512213e-03
1.040000e+01    2.507778e-03
1.041000e+01    2.503351e-03
1.042000e+01    2.498934e-03
1.043000e+01    2.494525e-03
1.044000e+01    2.490126e-03
1.045000e+01    2.485735e-03
1.046000e+01    2.481353e-03
1.047000e+01    2.476980e-03
1.048000e+01    2.472616e-03
1.049000e+01    2.468260e-03
1.050000e+01    2.463914e-03
1.051000e+01    2.459576e-03
1.052000e+01    2.455247e-03
1.053000e+01    2.450927e-03
1.054000e+01    2.446615e-03
1.055000e+01    2.442312e-03
1.056000e+01    2.438018e-03
1.057000e+01    2.433732e-03
1.058000e+01    2.429455e-03
1.059000e+01    2.425187e-03
1.060000e+01    2.420927e-03
1.061000e+01    2.416676e-03
1.062000e+01    2.412433e-03
1.063000e+01    2.408199e-03
1.064000e+01    2.403973e-03
1.065000e+01    2.399756e-03
1.066000e+01    2.395547e-03
1.067000e+01    2.391346e-03
1.068000e+01    2.387154e-03
1.069000e+01    2.382971e-03
1.070000e+01    2.378795e-03
1.071000e+01    2.374629e-03
1.072000e+01    2.370470e-03
1.073000e+01    2.366319e-03
1.074000e+01    2.362177e-03
1.075000e+01    2.358044e-03
1.076000e+01    2.353918e-03
1.077000e+01    2.349800e-03
1.078000e+01    2.345691e-03
1.079000e+01    2.341590e-03
1.080000e+01    2.337497e-03
1.081000e+01    2.333412e-03
1.082000e+01    2.329336e-03
1.083000e+01    2.325267e-03
1.084000e+01    2.321207e-03
1.085000e+01    2.317154e-03
1.086000e+01    2.313110e-03
1.087000e+01    2.309073e-03
1.088000e+01    2.305045e-03
1.089000e+01    2.301024e-03
1.090000e+01    2.297012e-03
1.091000e+01    2.293007e-03
1.092000e+01    2.289010e-03
1.093000e+01    2.285021e-03
1.094000e+01    2.281040e-03
1.095000e+01    2.277067e-03
1.096000e+01    2.273102e-03
1.097000e+01    2.269144e-03
1.098000e+01    2.265194e-03
1.099000e+01    2.261252e-03
1.100000e+01    2.257318e-03
1.101000e+01    2.253392e-03
1.102000e+01    2.249473e-03
1.103000e+01    2.245562e-03
1.104000e+01    2.241658e-03
1.105000e+01    2.237762e-03
1.106000e+01    2.233874e-03
1.107000e+01    2.229994e-03
1.108000e+01    2.226121e-03
1.109000e+01    2.222255e-03
1.110000e+01    2.218397e-03
1.111000e+01    2.214547e-03
1.112000e+01    2.210704e-03
1.113000e+01    2.206869e-03
1.114000e+01    2.203041e-03
1.115000e+01    2.199220e-03
1.116000e+01    2.195408e-03
1.117000e+01    2.191602e-03
1.118000e+01    2.187804e-03
1.119000e+01    2.184013e-03
1.120000e+01    2.180230e-03
1.121000e+01    2.176454e-03
1.122000e+01    2.172685e-03
1.123000e+01    2.168924e-03
1.124000e+01    2.165170e-03
1.125000e+01    2.161423e-03
1.126000e+01    2.157683e-03
1.127000e+01    2.153951e-03
1.128000e+01    2.150226e-03
1.129000e+01    2.146508e-03
1.130000e+01    2.142797e-03
1.131000e+01    2.139094e-03
1.132000e+01    2.135397e-03
1.133000e+01    2.131708e-03
1.134000e+01    2.128026e-03
1.135000e+01    2.124351e-03
1.136000e+01    2.120683e-03
1.137000e+01    2.117022e-03
1.138000e+01    2.113368e-03
1.139000e+01    2.109721e-03
1.140000e+01    2.106082e-03
1.141000e+01    2.102449e-03
1.142000e+01    2.098823e-03
1.143000e+01    2.095204e-03
1.144000e+01    2.091592e-03
1.145000e+01    2.087987e-03
1.146000e+01    2.084389e-03
1.147000e+01    2.080798e-03
1.148000e+01    2.077214e-03
1.149000e+01    2.073636e-03
1.150000e+01    2.070065e-03
1.151000e+01    2.066502e-03
1.152000e+01    2.062945e-03
1.153000e+01    2.059394e-03
1.154000e+01    2.055851e-03
1.155000e+01    2.052314e-03
1.156000e+01    2.048785e-03
1.157000e+01    2.045261e-03
1.158000e+01    2.041745e-03
1.159000e+01    2.038235e-03
1.160000e+01    2.034732e-03
1.161000e+01    2.031236e-03
1.162000e+01    2.027746e-03
1.163000e+01    2.024263e-03
1.164000e+01    2.020786e-03
1.165000e+01    2.017316e-03
1.166000e+01    2.013853e-03
1.167000e+01    2.010396e-03
1.168000e+01    2.006946e-03
1.169000e+01    2.003502e-03
1.170000e+01    2.000065e-03
1.171000e+01    1.996634e-03
1.172000e+01    1.993210e-03
1.173000e+01    1.989792e-03
1.174000e+01    1.986381e-03
1.175000e+01    1.982976e-03
1.176000e+01    1.979577e-03
1.177000e+01    1.976185e-03
1.178000e+01    1.972800e-03
1.179000e+01    1.969420e-03
1.180000e+01    1.966048e-03
1.181000e+01    1.962681e-03
1.182000e+01    1.959321e-03
1.183000e+01    1.955967e-03
1.184000e+01    1.952619e-03
1.185000e+01    1.949278e-03
1.186000e+01    1.945943e-03
1.187000e+01    1.942614e-03
1.188000e+01    1.939292e-03
1.189000e+01    1.935975e-03
1.190000e+01    1.932665e-03
1.191000e+01    1.929361e-03
1.192000e+01    1.926064e-03
1.193000e+01    1.922772e-03
1.194000e+01    1.919487e-03
1.195000e+01    1.916208e-03
1.196000e+01    1.912934e-03
1.197000e+01    1.909667e-03
1.198000e+01    1.906406e-03
1.199000e+01    1.903152e-03
1.200000e+01    1.899903e-03
1.201000e+01    1.896660e-03
1.202000e+01    1.893423e-03
1.203000e+01    1.890193e-03
1.204000e+01    1.886968e-03
1.205000e+01    1.883749e-03
1.206000e+01    1.880537e-03
1.207000e+01    1.877330e-03
1.208000e+01    1.874129e-03
1.209000e+01    1.870934e-03
1.210000e+01    1.867745e-03
1.211000e+01    1.864562e-03
1.212000e+01    1.861385e-03
1.213000e+01    1.858214e-03
1.214000e+01    1.855049e-03
1.215000e+01    1.851889e-03
1.216000e+01    1.848736e-03
1.217000e+01    1.845588e-03
1.218000e+01    1.842446e-03
1.219000e+01    1.839310e-03
1.220000e+01    1.836179e-03
1.221000e+01    1.833054e-03
1.222000e+01    1.829936e-03
1.223000e+01    1.826822e-03
1.224000e+01    1.823715e-03
1.225000e+01    1.820613e-03
1.226000e+01    1.817517e-03
1.227000e+01    1.814427e-03
1.228000e+01    1.811342e-03
1.229000e+01    1.808263e-03
1.230000e+01    1.805190e-03
1.231000e+01    1.802122e-03
1.232000e+01    1.799060e-03
1.233000e+01    1.796004e-03
1.234000e+01    1.792953e-03
1.235000e+01    1.789908e-03
1.236000e+01    1.786868e-03
1.237000e+01    1.783834e-03
1.238000e+01    1.780805e-03
1.239000e+01    1.777782e-03
1.240000e+01    1.774765e-03
1.241000e+01    1.771753e-03
1.242000e+01    1.768746e-03
1.243000e+01    1.765745e-03
1.244000e+01    1.762750e-03
1.245000e+01    1.759760e-03
1.246000e+01    1.756775e-03
1.247000e+01    1.753796e-03
1.248000e+01    1.750822e-03
1.249000e+01    1.747854e-03
1.250000e+01    1.744891e-03
1.251000e+01    1.741933e-03
1.252000e+01    1.738981e-03
1.253000e+01    1.736034e-03
1.254000e+01    1.733092e-03
1.255000e+01    1.730156e-03
1.256000e+01    1.727225e-03
1.257000e+01    1.724300e-03
1.258000e+01    1.721379e-03
1.259000e+01    1.718464e-03
1.260000e+01    1.715554e-03
1.261000e+01    1.712650e-03
1.262000e+01    1.709751e-03
1.263000e+01    1.706857e-03
1.264000e+01    1.703968e-03
1.265000e+01    1.701084e-03
1.266000e+01    1.698206e-03
1.267000e+01    1.695333e-03
1.268000e+01    1.692465e-03
1.269000e+01    1.689602e-03
1.270000e+01    1.686744e-03
1.271000e+01    1.683892e-03
1.272000e+01    1.681045e-03
1.273000e+01    1.678202e-03
1.274000e+01    1.675365e-03
1.275000e+01    1.672533e-03
1.276000e+01    1.669706e-03
1.277000e+01    1.666884e-03
1.278000e+01    1.664067e-03
1.279000e+01    1.661255e-03
1.280000e+01    1.658448e-03
1.281000e+01    1.655647e-03
1.282000e+01    1.652850e-03
1.283000e+01    1.650058e-03
1.284000e+01    1.647271e-03
1.285000e+01    1.644490e-03
1.286000e+01    1.641713e-03
1.287000e+01    1.638941e-03
1.288000e+01    1.636174e-03
1.289000e+01    1.633412e-03
1.290000e+01    1.630655e-03
1.291000e+01    1.627903e-03
1.292000e+01    1.625156e-03
1.293000e+01    1.622413e-03
1.294000e+01    1.619676e-03
1.295000e+01    1.616943e-03
1.296000e+01    1.614215e-03
1.297000e+01    1.611492e-03
1.298000e+01    1.608774e-03
1.299000e+01    1.606061e-03
1.300000e+01    1.603353e-03
1.301000e+01    1.600649e-03
1.302000e+01    1.597950e-03
1.303000e+01    1.595256e-03
1.304000e+01    1.592567e-03
1.305000e+01    1.589882e-03
1.306000e+01    1.587203e-03
1.307000e+01    1.584528e-03
1.308000e+01    1.581857e-03
1.309000e+01    1.579192e-03
1.310000e+01    1.576531e-03
1.311000e+01    1.573875e-03
1.312000e+01    1.571223e-03
1.313000e+01    1.568576e-03
1.314000e+01    1.565934e-03
1.315000e+01    1.563296e-03
1.316000e+01    1.560664e-03
1.317000e+01    1.558035e-03
1.318000e+01    1.555412e-03
1.319000e+01    1.552793e-03
1.320000e+01    1.550178e-03
1.321000e+01    1.547568e-03
1.322000e+01    1.544963e-03
1.323000e+01    1.542363e-03
1.324000e+01    1.539766e-03
1.325000e+01    1.537175e-03
1.326000e+01    1.534588e-03
1.327000e+01    1.532005e-03
1.328000e+01    1.529427e-03
1.329000e+01    1.526854e-03
1.330000e+01    1.524285e-03
1.331000e+01    1.521721e-03
1.332000e+01    1.519161e-03
1.333000e+01    1.516605e-03
1.334000e+01    1.514054e-03
1.335000e+01    1.511507e-03
1.336000e+01    1.508965e-03
1.337000e+01    1.506428e-03
1.338000e+01    1.503894e-03
1.339000e+01    1.501365e-03
1.340000e+01    1.498841e-03
1.341000e+01    1.496321e-03
1.342000e+01    1.493805e-03
1.343000e+01    1.491294e-03
1.344000e+01    1.488787e-03
1.345000e+01    1.486284e-03
1.346000e+01    1.483786e-03
1.347000e+01    1.481292e-03
1.348000e+01    1.478802e-03
1.349000e+01    1.476317e-03
1.350000e+01    1.473836e-03
1.351000e+01    1.471359e-03
1.352000e+01    1.468887e-03
1.353000e+01    1.466419e-03
1.354000e+01    1.463955e-03
1.355000e+01    1.461495e-03
1.356000e+01    1.459040e-03
1.357000e+01    1.456589e-03
1.358000e+01    1.454142e-03
1.359000e+01    1.451700e-03
1.360000e+01    1.449261e-03
1.361000e+01    1.446827e-03
1.362000e+01    1.444397e-03
1.363000e+01    1.441971e-03
1.364000e+01    1.439549e-03
1.365000e+01    1.437132e-03
1.366000e+01    1.434718e-03
1.367000e+01    1.432309e-03
1.368000e+01    1.429904e-03
1.369000e+01    1.427503e-03
1.370000e+01    1.425106e-03
1.371000e+01    1.422714e-03
1.372000e+01    1.420325e-03
1.373000e+01    1.417941e-03
1.374000e+01    1.415560e-03
1.375000e+01    1.413184e-03
1.376000e+01    1.410812e-03
1.377000e+01    1.408444e-03
1.378000e+01    1.406079e-03
1.379000e+01    1.403719e-03
1.380000e+01    1.401363e-03
1.381000e+01    1.399011e-03
1.382000e+01    1.396663e-03
1.383000e+01    1.394319e-03
1.384000e+01    1.391979e-03
1.385000e+01    1.389643e-03
1.386000e+01    1.387311e-03
1.387000e+01    1.384983e-03
1.388000e+01    1.382659e-03
1.389000e+01    1.380339e-03
1.390000e+01    1.378023e-03
1.391000e+01    1.375710e-03
1.392000e+01    1.373402e-03
1.393000e+01    1.371098e-03
1.394000e+01    1.368797e-03
1.395000e+01    1.366501e-03
1.396000e+01    1.364208e-03
1.397000e+01    1.361919e-03
1.398000e+01    1.359634e-03
1.399000e+01    1.357353e-03
1.400000e+01    1.355076e-03
1.401000e+01    1.352803e-03
1.402000e+01    1.350533e-03
1.403000e+01    1.348268e-03
1.404000e+01    1.346006e-03
1.405000e+01    1.343748e-03
1.406000e+01    1.341494e-03
1.407000e+01    1.339243e-03
1.408000e+01    1.336997e-03
1.409000e+01    1.334754e-03
1.410000e+01    1.332515e-03
1.411000e+01    1.330280e-03
1.412000e+01    1.328049e-03
1.413000e+01    1.325821e-03
1.414000e+01    1.323597e-03
1.415000e+01    1.321377e-03
1.416000e+01    1.319160e-03
1.417000e+01    1.316948e-03
1.418000e+01    1.314739e-03
1.419000e+01    1.312533e-03
1.420000e+01    1.310332e-03
1.421000e+01    1.308134e-03
1.422000e+01    1.305940e-03
1.423000e+01    1.303749e-03
1.424000e+01    1.301562e-03
1.425000e+01    1.299379e-03
1.426000e+01    1.297200e-03
1.427000e+01    1.295024e-03
1.428000e+01    1.292852e-03
1.429000e+01    1.290683e-03
1.430000e+01    1.288518e-03
1.431000e+01    1.286357e-03
1.432000e+01    1.284199e-03
1.433000e+01    1.282045e-03
1.434000e+01    1.279894e-03
1.435000e+01    1.277747e-03
1.436000e+01    1.275604e-03
1.437000e+01    1.273464e-03
1.438000e+01    1.271328e-03
1.439000e+01    1.269195e-03
1.440000e+01    1.267066e-03
1.441000e+01    1.264940e-03
1.442000e+01    1.262818e-03
1.443000e+01    1.260700e-03
1.444000e+01    1.258585e-03
1.445000e+01    1.256473e-03
1.446000e+01    1.254365e-03
1.447000e+01    1.252261e-03
1.448000e+01    1.250160e-03
1.449000e+01    1.248062e-03
1.450000e+01    1.245968e-03
1.451000e+01    1.243878e-03
1.452000e+01    1.241791e-03
1.453000e+01    1.239707e-03
1.454000e+01    1.237627e-03
1.455000e+01    1.235550e-03
1.456000e+01    1.233477e-03
1.457000e+01    1.231407e-03
1.458000e+01    1.229340e-03
1.459000e+01    1.227277e-03
1.460000e+01    1.225218e-03
1.461000e+01    1.223162e-03
1.462000e+01    1.221109e-03
1.463000e+01    1.219059e-03
1.464000e+01    1.217013e-03
1.465000e+01    1.214970e-03
1.466000e+01    1.212931e-03
1.467000e+01    1.210895e-03
1.468000e+01    1.208862e-03
1.469000e+01    1.206833e-03
1.470000e+01    1.204807e-03
1.471000e+01    1.202784e-03
1.472000e+01    1.200765e-03
1.473000e+01    1.198749e-03
1.474000e+01    1.196736e-03
1.475000e+01    1.194727e-03
1.476000e+01    1.192721e-03
1.477000e+01    1.190718e-03
1.478000e+01    1.188719e-03
1.479000e+01    1.186722e-03
1.480000e+01    1.184729e-03
1.481000e+01    1.182740e-03
1.482000e+01    1.180753e-03
1.483000e+01    1.178770e-03
1.484000e+01    1.176790e-03
1.485000e+01    1.174813e-03
1.486000e+01    1.172840e-03
1.487000e+01    1.170869e-03
1.488000e+01    1.168902e-03
1.489000e+01    1.166938e-03
1.490000e+01    1.164978e-03
1.491000e+01    1.163020e-03
1.492000e+01    1.161066e-03
1.493000e+01    1.159115e-03
1.494000e+01    1.157167e-03
1.495000e+01    1.155222e-03
1.496000e+01    1.153280e-03
1.497000e+01    1.151342e-03
1.498000e+01    1.149407e-03
1.499000e+01    1.147474e-03
1.500000e+01    1.145545e-03
1.501000e+01    1.143620e-03
1.502000e+01    1.141697e-03
1.503000e+01    1.139777e-03
1.504000e+01    1.137861e-03
1.505000e+01    1.135947e-03
1.506000e+01    1.134037e-03
1.507000e+01    1.132130e-03
1.508000e+01    1.130225e-03
1.509000e+01    1.128324e-03
1.510000e+01    1.126426e-03
1.511000e+01    1.124531e-03
1.512000e+01    1.122639e-03
1.513000e+01    1.120751e-03
1.514000e+01    1.118865e-03
1.515000e+01    1.116982e-03
1.516000e+01    1.115102e-03
1.517000e+01    1.113226e-03
1.518000e+01    1.111352e-03
1.519000e+01    1.109482e-03
1.520000e+01    1.107614e-03
1.521000e+01    1.105749e-03
1.522000e+01    1.103888e-03
1.523000e+01    1.102029e-03
1.524000e+01    1.100174e-03
1.525000e+01    1.098321e-03
1.526000e+01    1.096471e-03
1.527000e+01    1.094625e-03
1.528000e+01    1.092781e-03
1.529000e+01    1.090940e-03
1.530000e+01    1.089102e-03
1.531000e+01    1.087267e-03
1.532000e+01    1.085435e-03
1.533000e+01    1.083606e-03
1.534000e+01    1.081780e-03
1.535000e+01    1.079957e-03
1.536000e+01    1.078137e-03
1.537000e+01    1.076320e-03
1.538000e+01    1.074505e-03
1.539000e+01    1.072694e-03
1.540000e+01    1.070885e-03
1.541000e+01    1.069079e-03
1.542000e+01    1.067277e-03
1.543000e+01    1.065477e-03
1.544000e+01    1.063679e-03
1.545000e+01    1.061885e-03
1.546000e+01    1.060094e-03
1.547000e+01    1.058305e-03
1.548000e+01    1.056520e-03
1.549000e+01    1.054737e-03
1.550000e+01    1.052957e-03
1.551000e+01    1.051180e-03
1.552000e+01    1.049405e-03
1.553000e+01    1.047634e-03
1.554000e+01    1.045865e-03
1.555000e+01    1.044099e-03
1.556000e+01    1.042336e-03
1.557000e+01    1.040576e-03
1.558000e+01    1.038818e-03
1.559000e+01    1.037064e-03
1.560000e+01    1.035312e-03
1.561000e+01    1.033563e-03
1.562000e+01    1.031816e-03
1.563000e+01    1.030073e-03
1.564000e+01    1.028332e-03
1.565000e+01    1.026594e-03
1.566000e+01    1.024858e-03
1.567000e+01    1.023126e-03
1.568000e+01    1.021396e-03
1.569000e+01    1.019668e-03
1.570000e+01    1.017944e-03
1.571000e+01    1.016222e-03
1.572000e+01    1.014503e-03
1.573000e+01    1.012787e-03
1.574000e+01    1.011074e-03
1.575000e+01    1.009363e-03
1.576000e+01    1.007654e-03
1.577000e+01    1.005949e-03
1.578000e+01    1.004246e-03
1.579000e+01    1.002546e-03
1.580000e+01    1.000849e-03
1.581000e+01    9.991538e-04
1.582000e+01    9.974617e-04
1.583000e+01    9.957722e-04
1.584000e+01    9.940854e-04
1.585000e+01    9.924012e-04
1.586000e+01    9.907197e-04
1.587000e+01    9.890408e-04
1.588000e+01    9.873645e-04
1.589000e+01    9.856909e-04
1.590000e+01    9.840199e-04
1.591000e+01    9.823515e-04
1.592000e+01    9.806857e-04
1.593000e+01    9.790226e-04
1.594000e+01    9.773620e-04
1.595000e+01    9.757040e-04
1.596000e+01    9.740486e-04
1.597000e+01    9.723958e-04
1.598000e+01    9.707456e-04
1.599000e+01    9.690980e-04
1.600000e+01    9.674529e-04
1.601000e+01    9.658104e-04
1.602000e+01    9.641705e-04
1.603000e+01    9.625331e-04
1.604000e+01    9.608982e-04
1.605000e+01    9.592660e-04
1.606000e+01    9.576362e-04
1.607000e+01    9.560090e-04
1.608000e+01    9.543843e-04
1.609000e+01    9.527622e-04
1.610000e+01    9.511425e-04
1.611000e+01    9.495254e-04
1.612000e+01    9.479108e-04
1.613000e+01    9.462987e-04
1.614000e+01    9.446891e-04
1.615000e+01    9.430820e-04
1.616000e+01    9.414774e-04
1.617000e+01    9.398753e-04
1.618000e+01    9.382757e-04
1.619000e+01    9.366786e-04
1.620000e+01    9.350839e-04
1.621000e+01    9.334917e-04
1.622000e+01    9.319019e-04
1.623000e+01    9.303146e-04
1.624000e+01    9.287298e-04
1.625000e+01    9.271474e-04
1.626000e+01    9.255675e-04
1.627000e+01    9.239900e-04
1.628000e+01    9.224149e-04
1.629000e+01    9.208423e-04
1.630000e+01    9.192721e-04
1.631000e+01    9.177043e-04
1.632000e+01    9.161389e-04
1.633000e+01    9.145760e-04
1.634000e+01    9.130155e-04
1.635000e+01    9.114573e-04
1.636000e+01    9.099016e-04
1.637000e+01    9.083482e-04
1.638000e+01    9.067973e-04
1.639000e+01    9.052487e-04
1.640000e+01    9.037025e-04
1.641000e+01    9.021587e-04
1.642000e+01    9.006173e-04
1.643000e+01    8.990782e-04
1.644000e+01    8.975415e-04
1.645000e+01    8.960071e-04
1.646000e+01    8.944751e-04
1.647000e+01    8.929454e-04
1.648000e+01    8.914181e-04
1.649000e+01    8.898932e-04
1.650000e+01    8.883705e-04
1.651000e+01    8.868502e-04
1.652000e+01    8.853323e-04
1.653000e+01    8.838166e-04
1.654000e+01    8.823033e-04
1.655000e+01    8.807923e-04
1.656000e+01    8.792835e-04
1.657000e+01    8.777771e-04
1.658000e+01    8.762730e-04
1.659000e+01    8.747712e-04
1.660000e+01    8.732717e-04
1.661000e+01    8.717745e-04
1.662000e+01    8.702795e-04
1.663000e+01    8.687869e-04
1.664000e+01    8.672965e-04
1.665000e+01    8.658083e-04
1.666000e+01    8.643225e-04
1.667000e+01    8.628389e-04
1.668000e+01    8.613575e-04
1.669000e+01    8.598785e-04
1.670000e+01    8.584016e-04
1.671000e+01    8.569270e-04
1.672000e+01    8.554547e-04
1.673000e+01    8.539846e-04
1.674000e+01    8.525167e-04
1.675000e+01    8.510510e-04
1.676000e+01    8.495876e-04
1.677000e+01    8.481264e-04
1.678000e+01    8.466674e-04
1.679000e+01    8.452106e-04
1.680000e+01    8.437560e-04
1.681000e+01    8.423037e-04
1.682000e+01    8.408535e-04
1.683000e+01    8.394055e-04
1.684000e+01    8.379597e-04
1.685000e+01    8.365161e-04
1.686000e+01    8.350747e-04
1.687000e+01    8.336354e-04
1.688000e+01    8.321984e-04
1.689000e+01    8.307635e-04
1.690000e+01    8.293308e-04
1.691000e+01    8.279002e-04
1.692000e+01    8.264718e-04
1.693000e+01    8.250455e-04
1.694000e+01    8.236214e-04
1.695000e+01    8.221994e-04
1.696000e+01    8.207796e-04
1.697000e+01    8.193619e-04
1.698000e+01    8.179464e-04
1.699000e+01    8.165330e-04
1.700000e+01    8.151217e-04
1.701000e+01    8.137125e-04
1.702000e+01    8.123055e-04
1.703000e+01    8.109005e-04
1.704000e+01    8.094977e-04
1.705000e+01    8.080970e-04
1.706000e+01    8.066984e-04
1.707000e+01    8.053019e-04
1.708000e+01    8.039075e-04
1.709000e+01    8.025151e-04
1.710000e+01    8.011249e-04
1.711000e+01    7.997367e-04
1.712000e+01    7.983507e-04
1.713000e+01    7.969666e-04
1.714000e+01    7.955847e-04
1.715000e+01    7.942049e-04
1.716000e+01    7.928271e-04
1.717000e+01    7.914513e-04
1.718000e+01    7.900776e-04
1.719000e+01    7.887060e-04
1.720000e+01    7.873364e-04
1.721000e+01    7.859689e-04
1.722000e+01    7.846034e-04
1.723000e+01    7.832399e-04
1.724000e+01    7.818785e-04
1.725000e+01    7.805191e-04
1.726000e+01    7.791618e-04
1.727000e+01    7.778064e-04
1.728000e+01    7.764531e-04
1.729000e+01    7.751018e-04
1.730000e+01    7.737525e-04
1.731000e+01    7.724052e-04
1.732000e+01    7.710599e-04
1.733000e+01    7.697166e-04
1.734000e+01    7.683754e-04
1.735000e+01    7.670361e-04
1.736000e+01    7.656988e-04
1.737000e+01    7.643635e-04
1.738000e+01    7.630301e-04
1.739000e+01    7.616988e-04
1.740000e+01    7.603694e-04
1.741000e+01    7.590420e-04
1.742000e+01    7.577165e-04
1.743000e+01    7.563931e-04
1.744000e+01    7.550716e-04
1.745000e+01    7.537520e-04
1.746000e+01    7.524344e-04
1.747000e+01    7.511187e-04
1.748000e+01    7.498050e-04
1.749000e+01    7.484933e-04
1.750000e+01    7.471835e-04
1.751000e+01    7.458756e-04
1.752000e+01    7.445696e-04
1.753000e+01    7.432656e-04
1.754000e+01    7.419635e-04
1.755000e+01    7.406633e-04
1.756000e+01    7.393650e-04
1.757000e+01    7.380687e-04
1.758000e+01    7.367743e-04
1.759000e+01    7.354817e-04
1.760000e+01    7.341911e-04
1.761000e+01    7.329024e-04
1.762000e+01    7.316156e-04
1.763000e+01    7.303307e-04
1.764000e+01    7.290476e-04
1.765000e+01    7.277665e-04
1.766000e+01    7.264872e-04
1.767000e+01    7.252098e-04
1.768000e+01    7.239343e-04
1.769000e+01    7.226607e-04
1.770000e+01    7.213889e-04
1.771000e+01    7.201190e-04
1.772000e+01    7.188510e-04
1.773000e+01    7.175848e-04
1.774000e+01    7.163205e-04
1.775000e+01    7.150581e-04
1.776000e+01    7.137975e-04
1.777000e+01    7.125387e-04
1.778000e+01    7.112818e-04
1.779000e+01    7.100267e-04
1.780000e+01    7.087735e-04
1.781000e+01    7.075221e-04
1.782000e+01    7.062725e-04
1.783000e+01    7.050248e-04
1.784000e+01    7.037788e-04
1.785000e+01    7.025347e-04
1.786000e+01    7.012925e-04
1.787000e+01    7.000520e-04
1.788000e+01    6.988133e-04
1.789000e+01    6.975765e-04
1.790000e+01    6.963414e-04
1.791000e+01    6.951082e-04
1.792000e+01    6.938767e-04
1.793000e+01    6.926471e-04
1.794000e+01    6.914192e-04
1.795000e+01    6.901932e-04
1.796000e+01    6.889689e-04
1.797000e+01    6.877464e-04
1.798000e+01    6.865256e-04
1.799000e+01    6.853067e-04
1.800000e+01    6.840895e-04
1.801000e+01    6.828741e-04
1.802000e+01    6.816605e-04
1.803000e+01    6.804486e-04
1.804000e+01    6.792385e-04
1.805000e+01    6.780301e-04
1.806000e+01    6.768235e-04
1.807000e+01    6.756187e-04
1.808000e+01    6.744156e-04
1.809000e+01    6.732142e-04
1.810000e+01    6.720146e-04
1.811000e+01    6.708167e-04
1.812000e+01    6.696205e-04
1.813000e+01    6.684261e-04
1.814000e+01    6.672334e-04
1.815000e+01    6.660425e-04
1.816000e+01    6.648532e-04
1.817000e+01    6.636657e-04
1.818000e+01    6.624799e-04
1.819000e+01    6.612958e-04
1.820000e+01    6.601135e-04
1.821000e+01    6.589328e-04
1.822000e+01    6.577538e-04
1.823000e+01    6.565766e-04
1.824000e+01    6.554010e-04
1.825000e+01    6.542272e-04
1.826000e+01    6.530550e-04
1.827000e+01    6.518845e-04
1.828000e+01    6.507157e-04
1.829000e+01    6.495486e-04
1.830000e+01    6.483832e-04
1.831000e+01    6.472194e-04
1.832000e+01    6.460573e-04
1.833000e+01    6.448969e-04
1.834000e+01    6.437382e-04
1.835000e+01    6.425811e-04
1.836000e+01    6.414257e-04
1.837000e+01    6.402720e-04
1.838000e+01    6.391199e-04
1.839000e+01    6.379695e-04
1.840000e+01    6.368207e-04
1.841000e+01    6.356736e-04
1.842000e+01    6.345281e-04
1.843000e+01    6.333842e-04
1.844000e+01    6.322420e-04
1.845000e+01    6.311015e-04
1.846000e+01    6.299625e-04
1.847000e+01    6.288252e-04
1.848000e+01    6.276896e-04
1.849000e+01    6.265555e-04
1.850000e+01    6.254231e-04
1.851000e+01    6.242923e-04
1.852000e+01    6.231631e-04
1.853000e+01    6.220355e-04
1.854000e+01    6.209096e-04
1.855000e+01    6.197852e-04
1.856000e+01    6.186625e-04
1.857000e+01    6.175414e-04
1.858000e+01    6.164218e-04
1.859000e+01    6.153039e-04
1.860000e+01    6.141875e-04
1.861000e+01    6.130728e-04
1.862000e+01    6.119596e-04
1.863000e+01    6.108481e-04
1.864000e+01    6.097381e-04
1.865000e+01    6.086297e-04
1.866000e+01    6.075228e-04
1.867000e+01    6.064176e-04
1.868000e+01    6.053139e-04
1.869000e+01    6.042118e-04
1.870000e+01    6.031112e-04
1.871000e+01    6.020123e-04
1.872000e+01    6.009148e-04
1.873000e+01    5.998190e-04
1.874000e+01    5.987247e-04
1.875000e+01    5.976319e-04
1.876000e+01    5.965407e-04
1.877000e+01    5.954511e-04
1.878000e+01    5.943630e-04
1.879000e+01    5.932764e-04
1.880000e+01    5.921914e-04
1.881000e+01    5.911080e-04
1.882000e+01    5.900260e-04
1.883000e+01    5.889456e-04
1.884000e+01    5.878667e-04
1.885000e+01    5.867894e-04
1.886000e+01    5.857136e-04
1.887000e+01    5.846393e-04
1.888000e+01    5.835665e-04
1.889000e+01    5.824952e-04
1.890000e+01    5.814255e-04
1.891000e+01    5.803572e-04
1.892000e+01    5.792905e-04
1.893000e+01    5.782253e-04
1.894000e+01    5.771616e-04
1.895000e+01    5.760993e-04
1.896000e+01    5.750386e-04
1.897000e+01    5.739794e-04
1.898000e+01    5.729217e-04
1.899000e+01    5.718654e-04
1.900000e+01    5.708107e-04
1.901000e+01    5.697574e-04
1.902000e+01    5.687057e-04
1.903000e+01    5.676554e-04
1.904000e+01    5.666065e-04
1.905000e+01    5.655592e-04
1.906000e+01    5.645133e-04
1.907000e+01    5.634689e-04
1.908000e+01    5.624260e-04
1.909000e+01    5.613846e-04
1.910000e+01    5.603446e-04
1.911000e+01    5.593060e-04
1.912000e+01    5.582689e-04
1.913000e+01    5.572333e-04
1.914000e+01    5.561992e-04
1.915000e+01    5.551664e-04
1.916000e+01    5.541352e-04
1.917000e+01    5.531054e-04
1.918000e+01    5.520770e-04
1.919000e+01    5.510500e-04
1.920000e+01    5.500245e-04
1.921000e+01    5.490005e-04
1.922000e+01    5.479779e-04
1.923000e+01    5.469567e-04
1.924000e+01    5.459369e-04
1.925000e+01    5.449186e-04
1.926000e+01    5.439017e-04
1.927000e+01    5.428862e-04
1.928000e+01    5.418721e-04
1.929000e+01    5.408594e-04
1.930000e+01    5.398482e-04
1.931000e+01    5.388384e-04
1.932000e+01    5.378299e-04
1.933000e+01    5.368229e-04
1.934000e+01    5.358173e-04
1.935000e+01    5.348131e-04
1.936000e+01    5.338103e-04
1.937000e+01    5.328089e-04
1.938000e+01    5.318089e-04
1.939000e+01    5.308103e-04
1.940000e+01    5.298131e-04
1.941000e+01    5.288173e-04
1.942000e+01    5.278228e-04
1.943000e+01    5.268297e-04
1.944000e+01    5.258381e-04
1.945000e+01    5.248478e-04
1.946000e+01    5.238588e-04
1.947000e+01    5.228713e-04
1.948000e+01    5.218851e-04
1.949000e+01    5.209003e-04
1.950000e+01    5.199169e-04
1.951000e+01    5.189348e-04
1.952000e+01    5.179541e-04
1.953000e+01    5.169747e-04
1.954000e+01    5.159967e-04
1.955000e+01    5.150201e-04
1.956000e+01    5.140448e-04
1.957000e+01    5.130709e-04
1.958000e+01    5.120983e-04
1.959000e+01    5.111271e-04
1.960000e+01    5.101572e-04
1.961000e+01    5.091887e-04
1.962000e+01    5.082215e-04
1.963000e+01    5.072556e-04
1.964000e+01    5.062911e-04
1.965000e+01    5.053279e-04
1.966000e+01    5.043660e-04
1.967000e+01    5.034055e-04
1.968000e+01    5.024463e-04
1.969000e+01    5.014884e-04
1.970000e+01    5.005319e-04
1.971000e+01    4.995766e-04
1.972000e+01    4.986227e-04
1.973000e+01    4.976701e-04
1.974000e+01    4.967188e-04
1.975000e+01    4.957689e-04
1.976000e+01    4.948202e-04
1.977000e+01    4.938728e-04
1.978000e+01    4.929268e-04
1.979000e+01    4.919820e-04
1.980000e+01    4.910386e-04
1.981000e+01    4.900965e-04
1.982000e+01    4.891556e-04
1.983000e+01    4.882161e-04
1.984000e+01    4.872778e-04
1.985000e+01    4.863408e-04
1.986000e+01    4.854051e-04
1.987000e+01    4.844707e-04
1.988000e+01    4.835376e-04
1.989000e+01    4.826058e-04
1.990000e+01    4.816752e-04
1.991000e+01    4.807460e-04
1.992000e+01    4.798180e-04
1.993000e+01    4.788913e-04
1.994000e+01    4.779658e-04
1.995000e+01    4.770416e-04
1.996000e+01    4.761187e-04
1.997000e+01    4.751970e-04
1.998000e+01    4.742767e-04
1.999000e+01    4.733575e-04
2.000000e+01    4.724397e-04
2.001000e+01    4.715231e-04
2.002000e+01    4.706077e-04
2.003000e+01    4.696936e-04
2.004000e+01    4.687807e-04
2.005000e+01    4.678691e-04
2.006000e+01    4.669588e-04
2.007000e+01    4.660497e-04
2.008000e+01    4.651418e-04
2.009000e+01    4.642352e-04
2.010000e+01    4.633298e-04
2.011000e+01    4.624256e-04
2.012000e+01    4.615227e-04
2.013000e+01    4.606210e-04
2.014000e+01    4.597205e-04
2.015000e+01    4.588213e-04
2.016000e+01    4.579233e-04
2.017000e+01    4.570265e-04
2.018000e+01    4.561310e-04
2.019000e+01    4.552366e-04
2.020000e+01    4.543435e-04
2.021000e+01    4.534516e-04
2.022000e+01    4.525609e-04
2.023000e+01    4.516714e-04
2.024000e+01    4.507832e-04
2.025000e+01    4.498961e-04
2.026000e+01    4.490103e-04
2.027000e+01    4.481256e-04
2.028000e+01    4.472422e-04
2.029000e+01    4.463599e-04
2.030000e+01    4.454789e-04
2.031000e+01    4.445990e-04
2.032000e+01    4.437204e-04
2.033000e+01    4.428429e-04
2.034000e+01    4.419667e-04
2.035000e+01    4.410916e-04
2.036000e+01    4.402177e-04
2.037000e+01    4.393450e-04
2.038000e+01    4.384734e-04
2.039000e+01    4.376031e-04
2.040000e+01    4.367339e-04
2.041000e+01    4.358659e-04
2.042000e+01    4.349991e-04
2.043000e+01    4.341335e-04
2.044000e+01    4.332690e-04
2.045000e+01    4.324057e-04
2.046000e+01    4.315436e-04
2.047000e+01    4.306826e-04
2.048000e+01    4.298228e-04
2.049000e+01    4.289642e-04
2.050000e+01    4.281067e-04
2.051000e+01    4.272504e-04
2.052000e+01    4.263952e-04
2.053000e+01    4.255412e-04
2.054000e+01    4.246884e-04
2.055000e+01    4.238367e-04
2.056000e+01    4.229861e-04
2.057000e+01    4.221367e-04
2.058000e+01    4.212884e-04
2.059000e+01    4.204413e-04
2.060000e+01    4.195953e-04
2.061000e+01    4.187505e-04
2.062000e+01    4.179068e-04
2.063000e+01    4.170642e-04
2.064000e+01    4.162228e-04
2.065000e+01    4.153825e-04
2.066000e+01    4.145433e-04
2.067000e+01    4.137053e-04
2.068000e+01    4.128684e-04
2.069000e+01    4.120326e-04
2.070000e+01    4.111979e-04
2.071000e+01    4.103644e-04
2.072000e+01    4.095320e-04
2.073000e+01    4.087007e-04
2.074000e+01    4.078705e-04
2.075000e+01    4.070414e-04
2.076000e+01    4.062135e-04
2.077000e+01    4.053866e-04
2.078000e+01    4.045609e-04
2.079000e+01    4.037363e-04
2.080000e+01    4.029127e-04
2.081000e+01    4.020903e-04
2.082000e+01    4.012690e-04
2.083000e+01    4.004488e-04
2.084000e+01    3.996297e-04
2.085000e+01    3.988116e-04
2.086000e+01    3.979947e-04
2.087000e+01    3.971789e-04
2.088000e+01    3.963641e-04
2.089000e+01    3.955505e-04
2.090000e+01    3.947379e-04
2.091000e+01    3.939265e-04
2.092000e+01    3.931161e-04
2.093000e+01    3.923068e-04
2.094000e+01    3.914985e-04
2.095000e+01    3.906914e-04
2.096000e+01    3.898853e-04
2.097000e+01    3.890803e-04
2.098000e+01    3.882764e-04
2.099000e+01    3.874735e-04
