1.000000e+00    6.222907e-02
1.010000e+00    6.142206e-02
1.020000e+00    6.063272e-02
1.030000e+00    5.986053e-02
1.040000e+00    5.910493e-02
1.050000e+00    5.836544e-02
1.060000e+00    5.764156e-02
1.070000e+00    5.693282e-02
1.080000e+00    5.623877e-02
1.090000e+00    5.555898e-02
1.100000e+00    5.489303e-02
1.110000e+00    5.424053e-02
1.120000e+00    5.360108e-02
1.130000e+00    5.297432e-02
1.140000e+00    5.235988e-02
1.150000e+00    5.175742e-02
1.160000e+00    5.116662e-02
1.170000e+00    5.058715e-02
1.180000e+00    5.001869e-02
1.190000e+00    4.946096e-02
1.200000e+00    4.891367e-02
1.210000e+00    4.837653e-02
1.220000e+00    4.784929e-02
1.230000e+00    4.733167e-02
1.240000e+00    4.682344e-02
1.250000e+00    4.632434e-02
1.260000e+00    4.583416e-02
1.270000e+00    4.535265e-02
1.280000e+00    4.487961e-02
1.290000e+00    4.441481e-02
1.300000e+00    4.395807e-02
1.310000e+00    4.350917e-02
1.320000e+00    4.306793e-02
1.330000e+00    4.263416e-02
1.340000e+00    4.220768e-02
1.350000e+00    4.178832e-02
1.360000e+00    4.137591e-02
1.370000e+00    4.097028e-02
1.380000e+00    4.057128e-02
1.390000e+00    4.017875e-02
1.400000e+00    3.979255e-02
1.410000e+00    3.941252e-02
1.420000e+00    3.903854e-02
1.430000e+00    3.867046e-02
1.440000e+00    3.830814e-02
1.450000e+00    3.795147e-02
1.460000e+00    3.760032e-02
1.470000e+00    3.725456e-02
1.480000e+00    3.691408e-02
1.490000e+00    3.657877e-02
1.500000e+00    3.624850e-02
1.510000e+00    3.592319e-02
1.520000e+00    3.560271e-02
1.530000e+00    3.528697e-02
1.540000e+00    3.497586e-02
1.550000e+00    3.466930e-02
1.560000e+00    3.436719e-02
1.570000e+00    3.406943e-02
1.580000e+00    3.377594e-02
1.590000e+00    3.348663e-02
1.600000e+00    3.320141e-02
1.610000e+00    3.292021e-02
1.620000e+00    3.264294e-02
1.630000e+00    3.236952e-02
1.640000e+00    3.209988e-02
1.650000e+00    3.183395e-02
1.660000e+00    3.157165e-02
1.670000e+00    3.131292e-02
1.680000e+00    3.105767e-02
1.690000e+00    3.080586e-02
1.700000e+00    3.055740e-02
1.710000e+00    3.031225e-02
1.720000e+00    3.007033e-02
1.730000e+00    2.983158e-02
1.740000e+00    2.959596e-02
1.750000e+00    2.936339e-02
1.760000e+00    2.913382e-02
1.770000e+00    2.890720e-02
1.780000e+00    2.868347e-02
1.790000e+00    2.846259e-02
1.800000e+00    2.824449e-02
1.810000e+00    2.802914e-02
1.820000e+00    2.781647e-02
1.830000e+00    2.760645e-02
1.840000e+00    2.739903e-02
1.850000e+00    2.719416e-02
1.860000e+00    2.699180e-02
1.870000e+00    2.679190e-02
1.880000e+00    2.659442e-02
1.890000e+00    2.639932e-02
1.900000e+00    2.620656e-02
1.910000e+00    2.601611e-02
1.920000e+00    2.582791e-02
1.930000e+00    2.564193e-02
1.940000e+00    2.545814e-02
1.950000e+00    2.527650e-02
1.960000e+00    2.509697e-02
1.970000e+00    2.491952e-02
1.980000e+00    2.474411e-02
1.990000e+00    2.457072e-02
2.000000e+00    2.439931e-02
2.010000e+00    2.422984e-02
2.020000e+00    2.406228e-02
2.030000e+00    2.389662e-02
2.040000e+00    2.373280e-02
2.050000e+00    2.357081e-02
2.060000e+00    2.341062e-02
2.070000e+00    2.325220e-02
2.080000e+00    2.309551e-02
2.090000e+00    2.294054e-02
2.100000e+00    2.278726e-02
2.110000e+00    2.263564e-02
2.120000e+00    2.248566e-02
2.130000e+00    2.233728e-02
2.140000e+00    2.219049e-02
2.150000e+00    2.204527e-02
2.160000e+00    2.190158e-02
2.170000e+00    2.175941e-02
2.180000e+00    2.161873e-02
2.190000e+00    2.147952e-02
2.200000e+00    2.134176e-02
2.210000e+00    2.120543e-02
2.220000e+00    2.107051e-02
2.230000e+00    2.093697e-02
2.240000e+00    2.080480e-02
2.250000e+00    2.067397e-02
2.260000e+00    2.054448e-02
2.270000e+00    2.041629e-02
2.280000e+00    2.028939e-02
2.290000e+00    2.016376e-02
2.300000e+00    2.003938e-02
2.310000e+00    1.991624e-02
2.320000e+00    1.979432e-02
2.330000e+00    1.967360e-02
2.340000e+00    1.955406e-02
2.350000e+00    1.943569e-02
2.360000e+00    1.931847e-02
2.370000e+00    1.920239e-02
2.380000e+00    1.908743e-02
2.390000e+00    1.897357e-02
2.400000e+00    1.886081e-02
2.410000e+00    1.874912e-02
2.420000e+00    1.863849e-02
2.430000e+00    1.852890e-02
2.440000e+00    1.842035e-02
2.450000e+00    1.831282e-02
2.460000e+00    1.820630e-02
2.470000e+00    1.810076e-02
2.480000e+00    1.799621e-02
2.490000e+00    1.789262e-02
2.500000e+00    1.778999e-02
2.510000e+00    1.768829e-02
2.520000e+00    1.758753e-02
2.530000e+00    1.748768e-02
2.540000e+00    1.738874e-02
2.550000e+00    1.729069e-02
2.560000e+00    1.719353e-02
2.570000e+00    1.709724e-02
2.580000e+00    1.700180e-02
2.590000e+00    1.690722e-02
2.600000e+00    1.681347e-02
2.610000e+00    1.672055e-02
2.620000e+00    1.662845e-02
2.630000e+00    1.653716e-02
2.640000e+00    1.644667e-02
2.650000e+00    1.635696e-02
2.660000e+00    1.626803e-02
2.670000e+00    1.617987e-02
2.680000e+00    1.609247e-02
2.690000e+00    1.600582e-02
2.700000e+00    1.591991e-02
2.710000e+00    1.583474e-02
2.720000e+00    1.575028e-02
2.730000e+00    1.566654e-02
2.740000e+00    1.558351e-02
2.750000e+00    1.550118e-02
2.760000e+00    1.541953e-02
2.770000e+00    1.533856e-02
2.780000e+00    1.525827e-02
2.790000e+00    1.517865e-02
2.800000e+00    1.509968e-02
2.810000e+00    1.502136e-02
2.820000e+00    1.494369e-02
2.830000e+00    1.486665e-02
2.840000e+00    1.479023e-02
2.850000e+00    1.471444e-02
2.860000e+00    1.463926e-02
2.870000e+00    1.456469e-02
2.880000e+00    1.449072e-02
2.890000e+00    1.441734e-02
2.900000e+00    1.434454e-02
2.910000e+00    1.427233e-02
2.920000e+00    1.420069e-02
2.930000e+00    1.412961e-02
2.940000e+00    1.405910e-02
2.950000e+00    1.398914e-02
2.960000e+00    1.391972e-02
2.970000e+00    1.385085e-02
2.980000e+00    1.378252e-02
2.990000e+00    1.371471e-02
3.000000e+00    1.364743e-02
3.010000e+00    1.358067e-02
3.020000e+00    1.351442e-02
3.030000e+00    1.344868e-02
3.040000e+00    1.338344e-02
3.050000e+00    1.331870e-02
3.060000e+00    1.325444e-02
3.070000e+00    1.319068e-02
3.080000e+00    1.312739e-02
3.090000e+00    1.306458e-02
3.100000e+00    1.300224e-02
3.110000e+00    1.294037e-02
3.120000e+00    1.287896e-02
3.130000e+00    1.281800e-02
3.140000e+00    1.275750e-02
3.150000e+00    1.269744e-02
3.160000e+00    1.263782e-02
3.170000e+00    1.257864e-02
3.180000e+00    1.251990e-02
3.190000e+00    1.246158e-02
3.200000e+00    1.240368e-02
3.210000e+00    1.234621e-02
3.220000e+00    1.228915e-02
3.230000e+00    1.223250e-02
3.240000e+00    1.217626e-02
3.250000e+00    1.212043e-02
3.260000e+00    1.206499e-02
3.270000e+00    1.200994e-02
3.280000e+00    1.195529e-02
3.290000e+00    1.190102e-02
3.300000e+00    1.184714e-02
3.310000e+00    1.179363e-02
3.320000e+00    1.174051e-02
3.330000e+00    1.168775e-02
3.340000e+00    1.163536e-02
3.350000e+00    1.158334e-02
3.360000e+00    1.153168e-02
3.370000e+00    1.148037e-02
3.380000e+00    1.142942e-02
3.390000e+00    1.137882e-02
3.400000e+00    1.132857e-02
3.410000e+00    1.127866e-02
3.420000e+00    1.122909e-02
3.430000e+00    1.117986e-02
3.440000e+00    1.113096e-02
3.450000e+00    1.108239e-02
3.460000e+00    1.103416e-02
3.470000e+00    1.098624e-02
3.480000e+00    1.093865e-02
3.490000e+00    1.089138e-02
3.500000e+00    1.084442e-02
3.510000e+00    1.079777e-02
3.520000e+00    1.075144e-02
3.530000e+00    1.070541e-02
3.540000e+00    1.065968e-02
3.550000e+00    1.061426e-02
3.560000e+00    1.056913e-02
3.570000e+00    1.052430e-02
3.580000e+00    1.047977e-02
3.590000e+00    1.043552e-02
3.600000e+00    1.039156e-02
3.610000e+00    1.034789e-02
3.620000e+00    1.030450e-02
3.630000e+00    1.026138e-02
3.640000e+00    1.021855e-02
3.650000e+00    1.017599e-02
3.660000e+00    1.013370e-02
3.670000e+00    1.009168e-02
3.680000e+00    1.004993e-02
3.690000e+00    1.000845e-02
3.700000e+00    9.967226e-03
3.710000e+00    9.926264e-03
3.720000e+00    9.885560e-03
3.730000e+00    9.845112e-03
3.740000e+00    9.804917e-03
3.750000e+00    9.764973e-03
3.760000e+00    9.725279e-03
3.770000e+00    9.685832e-03
3.780000e+00    9.646629e-03
3.790000e+00    9.607669e-03
3.800000e+00    9.568950e-03
3.810000e+00    9.530469e-03
3.820000e+00    9.492225e-03
3.830000e+00    9.454215e-03
3.840000e+00    9.416437e-03
3.850000e+00    9.378890e-03
3.860000e+00    9.341571e-03
3.870000e+00    9.304478e-03
3.880000e+00    9.267610e-03
3.890000e+00    9.230965e-03
3.900000e+00    9.194540e-03
3.910000e+00    9.158335e-03
3.920000e+00    9.122346e-03
3.930000e+00    9.086573e-03
3.940000e+00    9.051013e-03
3.950000e+00    9.015665e-03
3.960000e+00    8.980526e-03
3.970000e+00    8.945596e-03
3.980000e+00    8.910872e-03
3.990000e+00    8.876353e-03
4.000000e+00    8.842037e-03
4.010000e+00    8.807922e-03
4.020000e+00    8.774007e-03
4.030000e+00    8.740290e-03
4.040000e+00    8.706770e-03
4.050000e+00    8.673444e-03
4.060000e+00    8.640312e-03
4.070000e+00    8.607371e-03
4.080000e+00    8.574620e-03
4.090000e+00    8.542058e-03
4.100000e+00    8.509684e-03
4.110000e+00    8.477494e-03
4.120000e+00    8.445489e-03
4.130000e+00    8.413667e-03
4.140000e+00    8.382025e-03
4.150000e+00    8.350563e-03
4.160000e+00    8.319280e-03
4.170000e+00    8.288174e-03
4.180000e+00    8.257243e-03
4.190000e+00    8.226486e-03
4.200000e+00    8.195902e-03
4.210000e+00    8.165489e-03
4.220000e+00    8.135246e-03
4.230000e+00    8.105172e-03
4.240000e+00    8.075266e-03
4.250000e+00    8.045525e-03
4.260000e+00    8.015949e-03
4.270000e+00    7.986537e-03
4.280000e+00    7.957287e-03
4.290000e+00    7.928199e-03
4.300000e+00    7.899269e-03
4.310000e+00    7.870499e-03
4.320000e+00    7.841886e-03
4.330000e+00    7.813429e-03
4.340000e+00    7.785127e-03
4.350000e+00    7.756978e-03
4.360000e+00    7.728983e-03
4.370000e+00    7.701138e-03
4.380000e+00    7.673444e-03
4.390000e+00    7.645900e-03
4.400000e+00    7.618503e-03
4.410000e+00    7.591253e-03
4.420000e+00    7.564149e-03
4.430000e+00    7.537190e-03
4.440000e+00    7.510374e-03
4.450000e+00    7.483701e-03
4.460000e+00    7.457170e-03
4.470000e+00    7.430779e-03
4.480000e+00    7.404528e-03
4.490000e+00    7.378415e-03
4.500000e+00    7.352439e-03
4.510000e+00    7.326600e-03
4.520000e+00    7.300896e-03
4.530000e+00    7.275327e-03
4.540000e+00    7.249891e-03
4.550000e+00    7.224588e-03
4.560000e+00    7.199416e-03
4.570000e+00    7.174375e-03
4.580000e+00    7.149463e-03
4.590000e+00    7.124680e-03
4.600000e+00    7.100024e-03
4.610000e+00    7.075496e-03
4.620000e+00    7.051093e-03
4.630000e+00    7.026816e-03
4.640000e+00    7.002662e-03
4.650000e+00    6.978632e-03
4.660000e+00    6.954724e-03
4.670000e+00    6.930938e-03
4.680000e+00    6.907272e-03
4.690000e+00    6.883726e-03
4.700000e+00    6.860299e-03
4.710000e+00    6.836990e-03
4.720000e+00    6.813799e-03
4.730000e+00    6.790724e-03
4.740000e+00    6.767764e-03
4.750000e+00    6.744919e-03
4.760000e+00    6.722189e-03
4.770000e+00    6.699571e-03
4.780000e+00    6.677066e-03
4.790000e+00    6.654673e-03
4.800000e+00    6.632390e-03
4.810000e+00    6.610218e-03
4.820000e+00    6.588155e-03
4.830000e+00    6.566201e-03
4.840000e+00    6.544355e-03
4.850000e+00    6.522615e-03
4.860000e+00    6.500982e-03
4.870000e+00    6.479455e-03
4.880000e+00    6.458033e-03
4.890000e+00    6.436715e-03
4.900000e+00    6.415501e-03
4.910000e+00    6.394389e-03
4.920000e+00    6.373380e-03
4.930000e+00    6.352472e-03
4.940000e+00    6.331665e-03
4.950000e+00    6.310958e-03
4.960000e+00    6.290350e-03
4.970000e+00    6.269841e-03
4.980000e+00    6.249431e-03
4.990000e+00    6.229117e-03
5.000000e+00    6.208901e-03
5.010000e+00    6.188781e-03
5.020000e+00    6.168756e-03
5.030000e+00    6.148826e-03
5.040000e+00    6.128991e-03
5.050000e+00    6.109249e-03
5.060000e+00    6.089600e-03
5.070000e+00    6.070044e-03
5.080000e+00    6.050579e-03
5.090000e+00    6.031206e-03
5.100000e+00    6.011923e-03
5.110000e+00    5.992730e-03
5.120000e+00    5.973627e-03
5.130000e+00    5.954613e-03
5.140000e+00    5.935687e-03
5.150000e+00    5.916849e-03
5.160000e+00    5.898098e-03
5.170000e+00    5.879433e-03
5.180000e+00    5.860855e-03
5.190000e+00    5.842362e-03
5.200000e+00    5.823954e-03
5.210000e+00    5.805631e-03
5.220000e+00    5.787391e-03
5.230000e+00    5.769235e-03
5.240000e+00    5.751161e-03
5.250000e+00    5.733170e-03
5.260000e+00    5.715261e-03
5.270000e+00    5.697433e-03
5.280000e+00    5.679685e-03
5.290000e+00    5.662018e-03
5.300000e+00    5.644431e-03
5.310000e+00    5.626923e-03
5.320000e+00    5.609493e-03
5.330000e+00    5.592142e-03
5.340000e+00    5.574868e-03
5.350000e+00    5.557672e-03
5.360000e+00    5.540553e-03
5.370000e+00    5.523510e-03
5.380000e+00    5.506543e-03
5.390000e+00    5.489651e-03
5.400000e+00    5.472834e-03
5.410000e+00    5.456091e-03
5.420000e+00    5.439423e-03
5.430000e+00    5.422828e-03
5.440000e+00    5.406306e-03
5.450000e+00    5.389857e-03
5.460000e+00    5.373480e-03
5.470000e+00    5.357175e-03
5.480000e+00    5.340941e-03
5.490000e+00    5.324778e-03
5.500000e+00    5.308685e-03
5.510000e+00    5.292663e-03
5.520000e+00    5.276710e-03
5.530000e+00    5.260826e-03
5.540000e+00    5.245011e-03
5.550000e+00    5.229265e-03
5.560000e+00    5.213586e-03
5.570000e+00    5.197975e-03
5.580000e+00    5.182431e-03
5.590000e+00    5.166954e-03
5.600000e+00    5.151543e-03
5.610000e+00    5.136198e-03
5.620000e+00    5.120919e-03
5.630000e+00    5.105705e-03
5.640000e+00    5.090555e-03
5.650000e+00    5.075470e-03
5.660000e+00    5.060450e-03
5.670000e+00    5.045492e-03
5.680000e+00    5.030598e-03
5.690000e+00    5.015767e-03
5.700000e+00    5.000999e-03
5.710000e+00    4.986292e-03
5.720000e+00    4.971648e-03
5.730000e+00    4.957065e-03
5.740000e+00    4.942543e-03
5.750000e+00    4.928082e-03
5.760000e+00    4.913681e-03
5.770000e+00    4.899340e-03
5.780000e+00    4.885059e-03
5.790000e+00    4.870837e-03
5.800000e+00    4.856674e-03
5.810000e+00    4.842570e-03
5.820000e+00    4.828524e-03
5.830000e+00    4.814536e-03
5.840000e+00    4.800606e-03
5.850000e+00    4.786733e-03
5.860000e+00    4.772918e-03
5.870000e+00    4.759158e-03
5.880000e+00    4.745456e-03
5.890000e+00    4.731809e-03
5.900000e+00    4.718218e-03
5.910000e+00    4.704683e-03
5.920000e+00    4.691202e-03
5.930000e+00    4.677776e-03
5.940000e+00    4.664405e-03
5.950000e+00    4.651088e-03
5.960000e+00    4.637825e-03
5.970000e+00    4.624615e-03
5.980000e+00    4.611459e-03
5.990000e+00    4.598356e-03
6.000000e+00    4.585305e-03
6.010000e+00    4.572307e-03
6.020000e+00    4.559361e-03
6.030000e+00    4.546466e-03
6.040000e+00    4.533623e-03
6.050000e+00    4.520832e-03
6.060000e+00    4.508091e-03
6.070000e+00    4.495401e-03
6.080000e+00    4.482762e-03
6.090000e+00    4.470172e-03
6.100000e+00    4.457632e-03
6.110000e+00    4.445142e-03
6.120000e+00    4.432702e-03
6.130000e+00    4.420310e-03
6.140000e+00    4.407967e-03
6.150000e+00    4.395672e-03
6.160000e+00    4.383426e-03
6.170000e+00    4.371228e-03
6.180000e+00    4.359077e-03
6.190000e+00    4.346974e-03
6.200000e+00    4.334918e-03
6.210000e+00    4.322909e-03
6.220000e+00    4.310947e-03
6.230000e+00    4.299031e-03
6.240000e+00    4.287162e-03
6.250000e+00    4.275338e-03
6.260000e+00    4.263560e-03
6.270000e+00    4.251827e-03
6.280000e+00    4.240140e-03
6.290000e+00    4.228498e-03
6.300000e+00    4.216900e-03
6.310000e+00    4.205347e-03
6.320000e+00    4.193838e-03
6.330000e+00    4.182373e-03
6.340000e+00    4.170952e-03
6.350000e+00    4.159575e-03
6.360000e+00    4.148240e-03
6.370000e+00    4.136949e-03
6.380000e+00    4.125701e-03
6.390000e+00    4.114496e-03
6.400000e+00    4.103333e-03
6.410000e+00    4.092212e-03
6.420000e+00    4.081133e-03
6.430000e+00    4.070096e-03
6.440000e+00    4.059100e-03
6.450000e+00    4.048146e-03
6.460000e+00    4.037233e-03
6.470000e+00    4.026361e-03
6.480000e+00    4.015529e-03
6.490000e+00    4.004738e-03
6.500000e+00    3.993987e-03
6.510000e+00    3.983277e-03
6.520000e+00    3.972606e-03
6.530000e+00    3.961975e-03
6.540000e+00    3.951383e-03
6.550000e+00    3.940831e-03
6.560000e+00    3.930318e-03
6.570000e+00    3.919843e-03
6.580000e+00    3.909407e-03
6.590000e+00    3.899010e-03
6.600000e+00    3.888651e-03
6.610000e+00    3.878330e-03
6.620000e+00    3.868047e-03
6.630000e+00    3.857801e-03
6.640000e+00    3.847593e-03
6.650000e+00    3.837423e-03
6.660000e+00    3.827289e-03
6.670000e+00    3.817192e-03
6.680000e+00    3.807133e-03
6.690000e+00    3.797109e-03
6.700000e+00    3.787122e-03
6.710000e+00    3.777172e-03
6.720000e+00    3.767257e-03
6.730000e+00    3.757378e-03
6.740000e+00    3.747535e-03
6.750000e+00    3.737727e-03
6.760000e+00    3.727955e-03
6.770000e+00    3.718218e-03
6.780000e+00    3.708515e-03
6.790000e+00    3.698848e-03
6.800000e+00    3.689215e-03
6.810000e+00    3.679617e-03
6.820000e+00    3.670052e-03
6.830000e+00    3.660522e-03
6.840000e+00    3.651026e-03
6.850000e+00    3.641564e-03
6.860000e+00    3.632135e-03
6.870000e+00    3.622740e-03
6.880000e+00    3.613378e-03
6.890000e+00    3.604049e-03
6.900000e+00    3.594753e-03
6.910000e+00    3.585490e-03
6.920000e+00    3.576259e-03
6.930000e+00    3.567061e-03
6.940000e+00    3.557895e-03
6.950000e+00    3.548762e-03
6.960000e+00    3.539660e-03
6.970000e+00    3.530591e-03
6.980000e+00    3.521553e-03
6.990000e+00    3.512546e-03
7.000000e+00    3.503571e-03
7.010000e+00    3.494627e-03
7.020000e+00    3.485715e-03
7.030000e+00    3.476833e-03
7.040000e+00    3.467982e-03
7.050000e+00    3.459162e-03
7.060000e+00    3.450372e-03
7.070000e+00    3.441612e-03
7.080000e+00    3.432883e-03
7.090000e+00    3.424184e-03
7.100000e+00    3.415515e-03
7.110000e+00    3.406875e-03
7.120000e+00    3.398266e-03
7.130000e+00    3.389685e-03
7.140000e+00    3.381135e-03
7.150000e+00    3.372613e-03
7.160000e+00    3.364120e-03
7.170000e+00    3.355657e-03
7.180000e+00    3.347222e-03
7.190000e+00    3.338816e-03
7.200000e+00    3.330438e-03
7.210000e+00    3.322089e-03
7.220000e+00    3.313769e-03
7.230000e+00    3.305476e-03
7.240000e+00    3.297211e-03
7.250000e+00    3.288975e-03
7.260000e+00    3.280766e-03
7.270000e+00    3.272584e-03
7.280000e+00    3.264431e-03
7.290000e+00    3.256304e-03
7.300000e+00    3.248205e-03
7.310000e+00    3.240133e-03
7.320000e+00    3.232088e-03
7.330000e+00    3.224070e-03
7.340000e+00    3.216079e-03
7.350000e+00    3.208114e-03
7.360000e+00    3.200176e-03
7.370000e+00    3.192264e-03
7.380000e+00    3.184378e-03
7.390000e+00    3.176519e-03
7.400000e+00    3.168686e-03
7.410000e+00    3.160878e-03
7.420000e+00    3.153096e-03
7.430000e+00    3.145341e-03
7.440000e+00    3.137610e-03
7.450000e+00    3.129905e-03
7.460000e+00    3.122226e-03
7.470000e+00    3.114571e-03
7.480000e+00    3.106942e-03
7.490000e+00    3.099338e-03
7.500000e+00    3.091758e-03
7.510000e+00    3.084204e-03
7.520000e+00    3.076674e-03
7.530000e+00    3.069168e-03
7.540000e+00    3.061687e-03
7.550000e+00    3.054231e-03
7.560000e+00    3.046798e-03
7.570000e+00    3.039390e-03
7.580000e+00    3.032006e-03
7.590000e+00    3.024645e-03
7.600000e+00    3.017309e-03
7.610000e+00    3.009996e-03
7.620000e+00    3.002707e-03
7.630000e+00    2.995441e-03
7.640000e+00    2.988198e-03
7.650000e+00    2.980979e-03
7.660000e+00    2.973783e-03
7.670000e+00    2.966610e-03
7.680000e+00    2.959460e-03
7.690000e+00    2.952333e-03
7.700000e+00    2.945229e-03
7.710000e+00    2.938147e-03
7.720000e+00    2.931088e-03
7.730000e+00    2.924051e-03
7.740000e+00    2.917037e-03
7.750000e+00    2.910045e-03
7.760000e+00    2.903075e-03
7.770000e+00    2.896128e-03
7.780000e+00    2.889202e-03
7.790000e+00    2.882298e-03
7.800000e+00    2.875416e-03
7.810000e+00    2.868556e-03
7.820000e+00    2.861717e-03
7.830000e+00    2.854900e-03
7.840000e+00    2.848104e-03
7.850000e+00    2.841329e-03
7.860000e+00    2.834576e-03
7.870000e+00    2.827844e-03
7.880000e+00    2.821133e-03
7.890000e+00    2.814443e-03
7.900000e+00    2.807774e-03
7.910000e+00    2.801125e-03
7.920000e+00    2.794498e-03
7.930000e+00    2.787891e-03
7.940000e+00    2.781304e-03
7.950000e+00    2.774738e-03
7.960000e+00    2.768192e-03
7.970000e+00    2.761666e-03
7.980000e+00    2.755161e-03
7.990000e+00    2.748676e-03
8.000000e+00    2.742211e-03
8.010000e+00    2.735765e-03
8.020000e+00    2.729340e-03
8.030000e+00    2.722934e-03
8.040000e+00    2.716548e-03
8.050000e+00    2.710182e-03
8.060000e+00    2.703835e-03
8.070000e+00    2.697507e-03
8.080000e+00    2.691199e-03
8.090000e+00    2.684910e-03
8.100000e+00    2.678640e-03
8.110000e+00    2.672390e-03
8.120000e+00    2.666158e-03
8.130000e+00    2.659945e-03
8.140000e+00    2.653751e-03
8.150000e+00    2.647576e-03
8.160000e+00    2.641420e-03
8.170000e+00    2.635282e-03
8.180000e+00    2.629163e-03
8.190000e+00    2.623063e-03
8.200000e+00    2.616980e-03
8.210000e+00    2.610917e-03
8.220000e+00    2.604871e-03
8.230000e+00    2.598843e-03
8.240000e+00    2.592834e-03
8.250000e+00    2.586843e-03
8.260000e+00    2.580869e-03
8.270000e+00    2.574914e-03
8.280000e+00    2.568976e-03
8.290000e+00    2.563056e-03
8.300000e+00    2.557154e-03
8.310000e+00    2.551269e-03
8.320000e+00    2.545402e-03
8.330000e+00    2.539552e-03
8.340000e+00    2.533720e-03
8.350000e+00    2.527904e-03
8.360000e+00    2.522107e-03
8.370000e+00    2.516326e-03
8.380000e+00    2.510562e-03
8.390000e+00    2.504816e-03
8.400000e+00    2.499086e-03
8.410000e+00    2.493373e-03
8.420000e+00    2.487678e-03
8.430000e+00    2.481998e-03
8.440000e+00    2.476336e-03
8.450000e+00    2.470690e-03
8.460000e+00    2.465061e-03
8.470000e+00    2.459448e-03
8.480000e+00    2.453852e-03
8.490000e+00    2.448272e-03
8.500000e+00    2.442708e-03
8.510000e+00    2.437161e-03
8.520000e+00    2.431629e-03
8.530000e+00    2.426114e-03
8.540000e+00    2.420615e-03
8.550000e+00    2.415132e-03
8.560000e+00    2.409664e-03
8.570000e+00    2.404213e-03
8.580000e+00    2.398777e-03
8.590000e+00    2.393357e-03
8.600000e+00    2.387953e-03
8.610000e+00    2.382564e-03
8.620000e+00    2.377191e-03
8.630000e+00    2.371833e-03
8.640000e+00    2.366491e-03
8.650000e+00    2.361164e-03
8.660000e+00    2.355853e-03
8.670000e+00    2.350556e-03
8.680000e+00    2.345275e-03
8.690000e+00    2.340009e-03
8.700000e+00    2.334758e-03
8.710000e+00    2.329522e-03
8.720000e+00    2.324301e-03
8.730000e+00    2.319094e-03
8.740000e+00    2.313903e-03
8.750000e+00    2.308726e-03
8.760000e+00    2.303564e-03
8.770000e+00    2.298417e-03
8.780000e+00    2.293284e-03
8.790000e+00    2.288166e-03
8.800000e+00    2.283062e-03
8.810000e+00    2.277973e-03
8.820000e+00    2.272898e-03
8.830000e+00    2.267838e-03
8.840000e+00    2.262791e-03
8.850000e+00    2.257759e-03
8.860000e+00    2.252741e-03
8.870000e+00    2.247737e-03
8.880000e+00    2.242748e-03
8.890000e+00    2.237772e-03
8.900000e+00    2.232810e-03
8.910000e+00    2.227862e-03
8.920000e+00    2.222928e-03
8.930000e+00    2.218007e-03
8.940000e+00    2.213101e-03
8.950000e+00    2.208208e-03
8.960000e+00    2.203328e-03
8.970000e+00    2.198462e-03
8.980000e+00    2.193610e-03
8.990000e+00    2.188771e-03
9.000000e+00    2.183946e-03
9.010000e+00    2.179134e-03
9.020000e+00    2.174335e-03
9.030000e+00    2.169550e-03
9.040000e+00    2.164778e-03
9.050000e+00    2.160018e-03
9.060000e+00    2.155272e-03
9.070000e+00    2.150540e-03
9.080000e+00    2.145820e-03
9.090000e+00    2.141113e-03
9.100000e+00    2.136419e-03
9.110000e+00    2.131738e-03
9.120000e+00    2.127069e-03
9.130000e+00    2.122414e-03
9.140000e+00    2.117771e-03
9.150000e+00    2.113141e-03
9.160000e+00    2.108524e-03
9.170000e+00    2.103919e-03
9.180000e+00    2.099326e-03
9.190000e+00    2.094747e-03
9.200000e+00    2.090179e-03
9.210000e+00    2.085624e-03
9.220000e+00    2.081082e-03
9.230000e+00    2.076551e-03
9.240000e+00    2.072033e-03
9.250000e+00    2.067528e-03
9.260000e+00    2.063034e-03
9.270000e+00    2.058552e-03
9.280000e+00    2.054083e-03
9.290000e+00    2.049626e-03
9.300000e+00    2.045180e-03
9.310000e+00    2.040747e-03
9.320000e+00    2.036325e-03
9.330000e+00    2.031916e-03
9.340000e+00    2.027518e-03
9.350000e+00    2.023132e-03
9.360000e+00    2.018758e-03
9.370000e+00    2.014395e-03
9.380000e+00    2.010044e-03
9.390000e+00    2.005705e-03
9.400000e+00    2.001377e-03
9.410000e+00    1.997061e-03
9.420000e+00    1.992756e-03
9.430000e+00    1.988463e-03
9.440000e+00    1.984181e-03
9.450000e+00    1.979910e-03
9.460000e+00    1.975651e-03
9.470000e+00    1.971403e-03
9.480000e+00    1.967167e-03
9.490000e+00    1.962941e-03
9.500000e+00    1.958727e-03
9.510000e+00    1.954524e-03
9.520000e+00    1.950331e-03
9.530000e+00    1.946150e-03
9.540000e+00    1.941980e-03
9.550000e+00    1.937821e-03
9.560000e+00    1.933673e-03
9.570000e+00    1.929536e-03
9.580000e+00    1.925409e-03
9.590000e+00    1.921294e-03
9.600000e+00    1.917189e-03
9.610000e+00    1.913095e-03
9.620000e+00    1.909011e-03
9.630000e+00    1.904938e-03
9.640000e+00    1.900876e-03
9.650000e+00    1.896824e-03
9.660000e+00    1.892783e-03
9.670000e+00    1.888753e-03
9.680000e+00    1.884733e-03
9.690000e+00    1.880723e-03
9.700000e+00    1.876724e-03
9.710000e+00    1.872735e-03
9.720000e+00    1.868756e-03
9.730000e+00    1.864788e-03
9.740000e+00    1.860830e-03
9.750000e+00    1.856882e-03
9.760000e+00    1.852945e-03
9.770000e+00    1.849017e-03
9.780000e+00    1.845100e-03
9.790000e+00    1.841192e-03
9.800000e+00    1.837295e-03
9.810000e+00    1.833408e-03
9.820000e+00    1.829530e-03
9.830000e+00    1.825663e-03
9.840000e+00    1.821805e-03
9.850000e+00    1.817958e-03
9.860000e+00    1.814120e-03
9.870000e+00    1.810292e-03
9.880000e+00    1.806474e-03
9.890000e+00    1.802665e-03
9.900000e+00    1.798866e-03
9.910000e+00    1.795077e-03
9.920000e+00    1.791298e-03
9.930000e+00    1.787528e-03
9.940000e+00    1.783767e-03
9.950000e+00    1.780017e-03
9.960000e+00    1.776275e-03
9.970000e+00    1.772543e-03
9.980000e+00    1.768821e-03
9.990000e+00    1.765108e-03
1.000000e+01    1.761404e-03
1.001000e+01    1.757710e-03
1.002000e+01    1.754025e-03
1.003000e+01    1.750349e-03
1.004000e+01    1.746682e-03
1.005000e+01    1.743025e-03
1.006000e+01    1.739377e-03
1.007000e+01    1.735738e-03
1.008000e+01    1.732108e-03
1.009000e+01    1.728487e-03
1.010000e+01    1.724876e-03
1.011000e+01    1.721273e-03
1.012000e+01    1.717679e-03
1.013000e+01    1.714094e-03
1.014000e+01    1.710519e-03
1.015000e+01    1.706952e-03
1.016000e+01    1.703394e-03
1.017000e+01    1.699844e-03
1.018000e+01    1.696304e-03
1.019000e+01    1.692772e-03
1.020000e+01    1.689249e-03
1.021000e+01    1.685735e-03
1.022000e+01    1.682230e-03
1.023000e+01    1.678733e-03
1.024000e+01    1.675245e-03
1.025000e+01    1.671765e-03
1.026000e+01    1.668295e-03
1.027000e+01    1.664832e-03
1.028000e+01    1.661378e-03
1.029000e+01    1.657933e-03
1.030000e+01    1.654496e-03
1.031000e+01    1.651067e-03
1.032000e+01    1.647647e-03
1.033000e+01    1.644236e-03
1.034000e+01    1.640832e-03
1.035000e+01    1.637437e-03
1.036000e+01    1.634051e-03
1.037000e+01    1.630672e-03
1.038000e+01    1.627302e-03
1.039000e+01    1.623940e-03
1.040000e+01    1.620586e-03
1.041000e+01    1.617241e-03
1.042000e+01    1.613903e-03
1.043000e+01    1.610574e-03
1.044000e+01    1.607253e-03
1.045000e+01    1.603939e-03
1.046000e+01    1.600634e-03
1.047000e+01    1.597337e-03
1.048000e+01    1.594048e-03
1.049000e+01    1.590767e-03
1.050000e+01    1.587493e-03
1.051000e+01    1.584228e-03
1.052000e+01    1.580970e-03
1.053000e+01    1.577721e-03
1.054000e+01    1.574479e-03
1.055000e+01    1.571245e-03
1.056000e+01    1.568018e-03
1.057000e+01    1.564800e-03
1.058000e+01    1.561589e-03
1.059000e+01    1.558386e-03
1.060000e+01    1.555191e-03
1.061000e+01    1.552003e-03
1.062000e+01    1.548823e-03
1.063000e+01    1.545650e-03
1.064000e+01    1.542485e-03
1.065000e+01    1.539328e-03
1.066000e+01    1.536178e-03
1.067000e+01    1.533035e-03
1.068000e+01    1.529900e-03
1.069000e+01    1.526773e-03
1.070000e+01    1.523653e-03
1.071000e+01    1.520540e-03
1.072000e+01    1.517435e-03
1.073000e+01    1.514337e-03
1.074000e+01    1.511246e-03
1.075000e+01    1.508163e-03
1.076000e+01    1.505087e-03
1.077000e+01    1.502018e-03
1.078000e+01    1.498957e-03
1.079000e+01    1.495903e-03
1.080000e+01    1.492856e-03
1.081000e+01    1.489816e-03
1.082000e+01    1.486783e-03
1.083000e+01    1.483757e-03
1.084000e+01    1.480739e-03
1.085000e+01    1.477727e-03
1.086000e+01    1.474723e-03
1.087000e+01    1.471726e-03
1.088000e+01    1.468736e-03
1.089000e+01    1.465752e-03
1.090000e+01    1.462776e-03
1.091000e+01    1.459807e-03
1.092000e+01    1.456844e-03
1.093000e+01    1.453889e-03
1.094000e+01    1.450940e-03
1.095000e+01    1.447998e-03
1.096000e+01    1.445063e-03
1.097000e+01    1.442135e-03
1.098000e+01    1.439214e-03
1.099000e+01    1.436299e-03
1.100000e+01    1.433391e-03
1.101000e+01    1.430490e-03
1.102000e+01    1.427596e-03
1.103000e+01    1.424708e-03
1.104000e+01    1.421827e-03
1.105000e+01    1.418953e-03
1.106000e+01    1.416085e-03
1.107000e+01    1.413224e-03
1.108000e+01    1.410370e-03
1.109000e+01    1.407522e-03
1.110000e+01    1.404681e-03
1.111000e+01    1.401846e-03
1.112000e+01    1.399018e-03
1.113000e+01    1.396196e-03
1.114000e+01    1.393380e-03
1.115000e+01    1.390571e-03
1.116000e+01    1.387769e-03
1.117000e+01    1.384973e-03
1.118000e+01    1.382183e-03
1.119000e+01    1.379400e-03
1.120000e+01    1.376623e-03
1.121000e+01    1.373852e-03
1.122000e+01    1.371088e-03
1.123000e+01    1.368330e-03
1.124000e+01    1.365578e-03
1.125000e+01    1.362833e-03
1.126000e+01    1.360094e-03
1.127000e+01    1.357361e-03
1.128000e+01    1.354634e-03
1.129000e+01    1.351913e-03
1.130000e+01    1.349199e-03
1.131000e+01    1.346490e-03
1.132000e+01    1.343788e-03
1.133000e+01    1.341092e-03
1.134000e+01    1.338402e-03
1.135000e+01    1.335718e-03
1.136000e+01    1.333040e-03
1.137000e+01    1.330368e-03
1.138000e+01    1.327702e-03
1.139000e+01    1.325042e-03
1.140000e+01    1.322389e-03
1.141000e+01    1.319741e-03
1.142000e+01    1.317099e-03
1.143000e+01    1.314463e-03
1.144000e+01    1.311832e-03
1.145000e+01    1.309208e-03
1.146000e+01    1.306590e-03
1.147000e+01    1.303977e-03
1.148000e+01    1.301370e-03
1.149000e+01    1.298770e-03
1.150000e+01    1.296174e-03
1.151000e+01    1.293585e-03
1.152000e+01    1.291002e-03
1.153000e+01    1.288424e-03
1.154000e+01    1.285852e-03
1.155000e+01    1.283285e-03
1.156000e+01    1.280725e-03
1.157000e+01    1.278170e-03
1.158000e+01    1.275620e-03
1.159000e+01    1.273077e-03
1.160000e+01    1.270538e-03
1.161000e+01    1.268006e-03
1.162000e+01    1.265479e-03
1.163000e+01    1.262958e-03
1.164000e+01    1.260442e-03
1.165000e+01    1.257932e-03
1.166000e+01    1.255427e-03
1.167000e+01    1.252928e-03
1.168000e+01    1.250435e-03
1.169000e+01    1.247947e-03
1.170000e+01    1.245464e-03
1.171000e+01    1.242987e-03
1.172000e+01    1.240515e-03
1.173000e+01    1.238048e-03
1.174000e+01    1.235588e-03
1.175000e+01    1.233132e-03
1.176000e+01    1.230682e-03
1.177000e+01    1.228237e-03
1.178000e+01    1.225797e-03
1.179000e+01    1.223363e-03
1.180000e+01    1.220934e-03
1.181000e+01    1.218511e-03
1.182000e+01    1.216092e-03
1.183000e+01    1.213679e-03
1.184000e+01    1.211271e-03
1.185000e+01    1.208869e-03
1.186000e+01    1.206471e-03
1.187000e+01    1.204079e-03
1.188000e+01    1.201692e-03
1.189000e+01    1.199310e-03
1.190000e+01    1.196934e-03
1.191000e+01    1.194562e-03
1.192000e+01    1.192196e-03
1.193000e+01    1.189835e-03
1.194000e+01    1.187478e-03
1.195000e+01    1.185127e-03
1.196000e+01    1.182781e-03
1.197000e+01    1.180440e-03
1.198000e+01    1.178104e-03
1.199000e+01    1.175773e-03
1.200000e+01    1.173447e-03
1.201000e+01    1.171126e-03
1.202000e+01    1.168810e-03
1.203000e+01    1.166499e-03
1.204000e+01    1.164193e-03
1.205000e+01    1.161892e-03
1.206000e+01    1.159596e-03
1.207000e+01    1.157305e-03
1.208000e+01    1.155018e-03
1.209000e+01    1.152737e-03
1.210000e+01    1.150460e-03
1.211000e+01    1.148189e-03
1.212000e+01    1.145922e-03
1.213000e+01    1.143659e-03
1.214000e+01    1.141402e-03
1.215000e+01    1.139150e-03
1.216000e+01    1.136902e-03
1.217000e+01    1.134659e-03
1.218000e+01    1.132421e-03
1.219000e+01    1.130187e-03
1.220000e+01    1.127959e-03
1.221000e+01    1.125735e-03
1.222000e+01    1.123515e-03
1.223000e+01    1.121301e-03
1.224000e+01    1.119091e-03
1.225000e+01    1.116885e-03
1.226000e+01    1.114685e-03
1.227000e+01    1.112489e-03
1.228000e+01    1.110298e-03
1.229000e+01    1.108111e-03
1.230000e+01    1.105929e-03
1.231000e+01    1.103751e-03
1.232000e+01    1.101578e-03
1.233000e+01    1.099410e-03
1.234000e+01    1.097246e-03
1.235000e+01    1.095086e-03
1.236000e+01    1.092932e-03
1.237000e+01    1.090781e-03
1.238000e+01    1.088635e-03
1.239000e+01    1.086494e-03
1.240000e+01    1.084357e-03
1.241000e+01    1.082225e-03
1.242000e+01    1.080097e-03
1.243000e+01    1.077973e-03
1.244000e+01    1.075854e-03
1.245000e+01    1.073740e-03
1.246000e+01    1.071629e-03
1.247000e+01    1.069523e-03
1.248000e+01    1.067422e-03
1.249000e+01    1.065325e-03
1.250000e+01    1.063232e-03
1.251000e+01    1.061143e-03
1.252000e+01    1.059059e-03
1.253000e+01    1.056979e-03
1.254000e+01    1.054904e-03
1.255000e+01    1.052833e-03
1.256000e+01    1.050766e-03
1.257000e+01    1.048703e-03
1.258000e+01    1.046644e-03
1.259000e+01    1.044590e-03
1.260000e+01    1.042540e-03
1.261000e+01    1.040494e-03
1.262000e+01    1.038453e-03
1.263000e+01    1.036416e-03
1.264000e+01    1.034382e-03
1.265000e+01    1.032353e-03
1.266000e+01    1.030328e-03
1.267000e+01    1.028308e-03
1.268000e+01    1.026291e-03
1.269000e+01    1.024279e-03
1.270000e+01    1.022270e-03
1.271000e+01    1.020266e-03
1.272000e+01    1.018266e-03
1.273000e+01    1.016270e-03
1.274000e+01    1.014278e-03
1.275000e+01    1.012290e-03
1.276000e+01    1.010306e-03
1.277000e+01    1.008327e-03
1.278000e+01    1.006351e-03
1.279000e+01    1.004379e-03
1.280000e+01    1.002411e-03
1.281000e+01    1.000448e-03
1.282000e+01    9.984878e-04
1.283000e+01    9.965320e-04
1.284000e+01    9.945802e-04
1.285000e+01    9.926323e-04
1.286000e+01    9.906884e-04
1.287000e+01    9.887483e-04
1.288000e+01    9.868123e-04
1.289000e+01    9.848801e-04
1.290000e+01    9.829518e-04
1.291000e+01    9.810274e-04
1.292000e+01    9.791069e-04
1.293000e+01    9.771902e-04
1.294000e+01    9.752775e-04
1.295000e+01    9.733685e-04
1.296000e+01    9.714634e-04
1.297000e+01    9.695621e-04
1.298000e+01    9.676647e-04
1.299000e+01    9.657710e-04
1.300000e+01    9.638812e-04
1.301000e+01    9.619951e-04
1.302000e+01    9.601128e-04
1.303000e+01    9.582343e-04
1.304000e+01    9.563595e-04
1.305000e+01    9.544885e-04
1.306000e+01    9.526212e-04
1.307000e+01    9.507577e-04
1.308000e+01    9.488978e-04
1.309000e+01    9.470417e-04
1.310000e+01    9.451892e-04
1.311000e+01    9.433405e-04
1.312000e+01    9.414954e-04
1.313000e+01    9.396540e-04
1.314000e+01    9.378163e-04
1.315000e+01    9.359822e-04
1.316000e+01    9.341517e-04
1.317000e+01    9.323249e-04
1.318000e+01    9.305017e-04
1.319000e+01    9.286820e-04
1.320000e+01    9.268660e-04
1.321000e+01    9.250536e-04
1.322000e+01    9.232448e-04
1.323000e+01    9.214396e-04
1.324000e+01    9.196379e-04
1.325000e+01    9.178397e-04
1.326000e+01    9.160451e-04
1.327000e+01    9.142541e-04
1.328000e+01    9.124665e-04
1.329000e+01    9.106825e-04
1.330000e+01    9.089020e-04
1.331000e+01    9.071250e-04
1.332000e+01    9.053515e-04
1.333000e+01    9.035814e-04
1.334000e+01    9.018149e-04
1.335000e+01    9.000518e-04
1.336000e+01    8.982921e-04
1.337000e+01    8.965359e-04
1.338000e+01    8.947831e-04
1.339000e+01    8.930338e-04
1.340000e+01    8.912878e-04
1.341000e+01    8.895453e-04
1.342000e+01    8.878062e-04
1.343000e+01    8.860705e-04
1.344000e+01    8.843381e-04
1.345000e+01    8.826091e-04
1.346000e+01    8.808835e-04
1.347000e+01    8.791613e-04
1.348000e+01    8.774424e-04
1.349000e+01    8.757268e-04
1.350000e+01    8.740145e-04
1.351000e+01    8.723056e-04
1.352000e+01    8.706000e-04
1.353000e+01    8.688977e-04
1.354000e+01    8.671987e-04
1.355000e+01    8.655030e-04
1.356000e+01    8.638106e-04
1.357000e+01    8.621214e-04
1.358000e+01    8.604355e-04
1.359000e+01    8.587529e-04
1.360000e+01    8.570735e-04
1.361000e+01    8.553973e-04
1.362000e+01    8.537244e-04
1.363000e+01    8.520546e-04
1.364000e+01    8.503881e-04
1.365000e+01    8.487248e-04
1.366000e+01    8.470647e-04
1.367000e+01    8.454078e-04
1.368000e+01    8.437541e-04
1.369000e+01    8.421035e-04
1.370000e+01    8.404561e-04
1.371000e+01    8.388119e-04
1.372000e+01    8.371708e-04
1.373000e+01    8.355329e-04
1.374000e+01    8.338980e-04
1.375000e+01    8.322663e-04
1.376000e+01    8.306378e-04
1.377000e+01    8.290123e-04
1.378000e+01    8.273899e-04
1.379000e+01    8.257707e-04
1.380000e+01    8.241545e-04
1.381000e+01    8.225414e-04
1.382000e+01    8.209313e-04
1.383000e+01    8.193243e-04
1.384000e+01    8.177204e-04
1.385000e+01    8.161195e-04
1.386000e+01    8.145217e-04
1.387000e+01    8.129269e-04
1.388000e+01    8.113351e-04
1.389000e+01    8.097463e-04
1.390000e+01    8.081606e-04
1.391000e+01    8.065778e-04
1.392000e+01    8.049980e-04
1.393000e+01    8.034212e-04
1.394000e+01    8.018474e-04
1.395000e+01    8.002766e-04
1.396000e+01    7.987087e-04
1.397000e+01    7.971438e-04
1.398000e+01    7.955819e-04
1.399000e+01    7.940228e-04
1.400000e+01    7.924668e-04
1.401000e+01    7.909136e-04
1.402000e+01    7.893634e-04
1.403000e+01    7.878160e-04
1.404000e+01    7.862716e-04
1.405000e+01    7.847301e-04
1.406000e+01    7.831914e-04
1.407000e+01    7.816557e-04
1.408000e+01    7.801228e-04
1.409000e+01    7.785928e-04
1.410000e+01    7.770657e-04
1.411000e+01    7.755414e-04
1.412000e+01    7.740200e-04
1.413000e+01    7.725014e-04
1.414000e+01    7.709856e-04
1.415000e+01    7.694727e-04
1.416000e+01    7.679626e-04
1.417000e+01    7.664552e-04
1.418000e+01    7.649508e-04
1.419000e+01    7.634491e-04
1.420000e+01    7.619502e-04
1.421000e+01    7.604540e-04
1.422000e+01    7.589607e-04
1.423000e+01    7.574701e-04
1.424000e+01    7.559823e-04
1.425000e+01    7.544973e-04
1.426000e+01    7.530150e-04
1.427000e+01    7.515355e-04
1.428000e+01    7.500587e-04
1.429000e+01    7.485846e-04
1.430000e+01    7.471132e-04
1.431000e+01    7.456446e-04
1.432000e+01    7.441787e-04
1.433000e+01    7.427155e-04
1.434000e+01    7.412550e-04
1.435000e+01    7.397971e-04
1.436000e+01    7.383420e-04
1.437000e+01    7.368896e-04
1.438000e+01    7.354398e-04
1.439000e+01    7.339926e-04
1.440000e+01    7.325482e-04
1.441000e+01    7.311064e-04
1.442000e+01    7.296672e-04
1.443000e+01    7.282307e-04
1.444000e+01    7.267968e-04
1.445000e+01    7.253656e-04
1.446000e+01    7.239369e-04
1.447000e+01    7.225109e-04
1.448000e+01    7.210875e-04
1.449000e+01    7.196667e-04
1.450000e+01    7.182485e-04
1.451000e+01    7.168329e-04
1.452000e+01    7.154198e-04
1.453000e+01    7.140094e-04
1.454000e+01    7.126015e-04
1.455000e+01    7.111961e-04
1.456000e+01    7.097934e-04
1.457000e+01    7.083932e-04
1.458000e+01    7.069955e-04
1.459000e+01    7.056004e-04
1.460000e+01    7.042078e-04
1.461000e+01    7.028177e-04
1.462000e+01    7.014302e-04
1.463000e+01    7.000452e-04
1.464000e+01    6.986626e-04
1.465000e+01    6.972826e-04
1.466000e+01    6.959051e-04
1.467000e+01    6.945301e-04
1.468000e+01    6.931576e-04
1.469000e+01    6.917875e-04
1.470000e+01    6.904200e-04
1.471000e+01    6.890548e-04
1.472000e+01    6.876922e-04
1.473000e+01    6.863320e-04
1.474000e+01    6.849743e-04
1.475000e+01    6.836190e-04
1.476000e+01    6.822661e-04
1.477000e+01    6.809157e-04
1.478000e+01    6.795677e-04
1.479000e+01    6.782222e-04
1.480000e+01    6.768790e-04
1.481000e+01    6.755383e-04
1.482000e+01    6.742000e-04
1.483000e+01    6.728640e-04
1.484000e+01    6.715305e-04
1.485000e+01    6.701994e-04
1.486000e+01    6.688706e-04
1.487000e+01    6.675442e-04
1.488000e+01    6.662202e-04
1.489000e+01    6.648985e-04
1.490000e+01    6.635792e-04
1.491000e+01    6.622623e-04
1.492000e+01    6.609477e-04
1.493000e+01    6.596355e-04
1.494000e+01    6.583256e-04
1.495000e+01    6.570180e-04
1.496000e+01    6.557128e-04
1.497000e+01    6.544098e-04
1.498000e+01    6.531092e-04
1.499000e+01    6.518109e-04
1.500000e+01    6.505150e-04
1.501000e+01    6.492213e-04
1.502000e+01    6.479299e-04
1.503000e+01    6.466408e-04
1.504000e+01    6.453540e-04
1.505000e+01    6.440694e-04
1.506000e+01    6.427872e-04
1.507000e+01    6.415072e-04
1.508000e+01    6.402294e-04
1.509000e+01    6.389540e-04
1.510000e+01    6.376808e-04
1.511000e+01    6.364098e-04
1.512000e+01    6.351410e-04
1.513000e+01    6.338746e-04
1.514000e+01    6.326103e-04
1.515000e+01    6.313483e-04
1.516000e+01    6.300885e-04
1.517000e+01    6.288309e-04
1.518000e+01    6.275755e-04
1.519000e+01    6.263223e-04
1.520000e+01    6.250713e-04
1.521000e+01    6.238225e-04
1.522000e+01    6.225760e-04
1.523000e+01    6.213316e-04
1.524000e+01    6.200893e-04
1.525000e+01    6.188493e-04
1.526000e+01    6.176114e-04
1.527000e+01    6.163757e-04
1.528000e+01    6.151422e-04
1.529000e+01    6.139108e-04
1.530000e+01    6.126815e-04
1.531000e+01    6.114544e-04
1.532000e+01    6.102295e-04
1.533000e+01    6.090067e-04
1.534000e+01    6.077860e-04
1.535000e+01    6.065674e-04
1.536000e+01    6.053510e-04
1.537000e+01    6.041367e-04
1.538000e+01    6.029245e-04
1.539000e+01    6.017144e-04
1.540000e+01    6.005064e-04
1.541000e+01    5.993005e-04
1.542000e+01    5.980967e-04
1.543000e+01    5.968950e-04
1.544000e+01    5.956954e-04
1.545000e+01    5.944978e-04
1.546000e+01    5.933023e-04
1.547000e+01    5.921089e-04
1.548000e+01    5.909176e-04
1.549000e+01    5.897283e-04
1.550000e+01    5.885411e-04
1.551000e+01    5.873559e-04
1.552000e+01    5.861728e-04
1.553000e+01    5.849917e-04
1.554000e+01    5.838126e-04
1.555000e+01    5.826356e-04
1.556000e+01    5.814606e-04
1.557000e+01    5.802877e-04
1.558000e+01    5.791167e-04
1.559000e+01    5.779478e-04
1.560000e+01    5.767809e-04
1.561000e+01    5.756159e-04
1.562000e+01    5.744530e-04
1.563000e+01    5.732921e-04
1.564000e+01    5.721332e-04
1.565000e+01    5.709762e-04
1.566000e+01    5.698213e-04
1.567000e+01    5.686683e-04
1.568000e+01    5.675173e-04
1.569000e+01    5.663682e-04
1.570000e+01    5.652212e-04
1.571000e+01    5.640761e-04
1.572000e+01    5.629329e-04
1.573000e+01    5.617917e-04
1.574000e+01    5.606524e-04
1.575000e+01    5.595151e-04
1.576000e+01    5.583797e-04
1.577000e+01    5.572463e-04
1.578000e+01    5.561148e-04
1.579000e+01    5.549852e-04
1.580000e+01    5.538575e-04
1.581000e+01    5.527318e-04
1.582000e+01    5.516080e-04
1.583000e+01    5.504860e-04
1.584000e+01    5.493660e-04
1.585000e+01    5.482479e-04
1.586000e+01    5.471317e-04
1.587000e+01    5.460174e-04
1.588000e+01    5.449049e-04
1.589000e+01    5.437944e-04
1.590000e+01    5.426857e-04
1.591000e+01    5.415789e-04
1.592000e+01    5.404740e-04
1.593000e+01    5.393709e-04
1.594000e+01    5.382697e-04
1.595000e+01    5.371703e-04
1.596000e+01    5.360729e-04
1.597000e+01    5.349772e-04
1.598000e+01    5.338834e-04
1.599000e+01    5.327915e-04
1.600000e+01    5.317014e-04
1.601000e+01    5.306131e-04
1.602000e+01    5.295267e-04
1.603000e+01    5.284420e-04
1.604000e+01    5.273592e-04
1.605000e+01    5.262783e-04
1.606000e+01    5.251991e-04
1.607000e+01    5.241218e-04
1.608000e+01    5.230462e-04
1.609000e+01    5.219725e-04
1.610000e+01    5.209005e-04
1.611000e+01    5.198304e-04
1.612000e+01    5.187620e-04
1.613000e+01    5.176955e-04
1.614000e+01    5.166307e-04
1.615000e+01    5.155677e-04
1.616000e+01    5.145064e-04
1.617000e+01    5.134470e-04
1.618000e+01    5.123893e-04
1.619000e+01    5.113333e-04
1.620000e+01    5.102792e-04
1.621000e+01    5.092268e-04
1.622000e+01    5.081761e-04
1.623000e+01    5.071272e-04
1.624000e+01    5.060800e-04
1.625000e+01    5.050346e-04
1.626000e+01    5.039909e-04
1.627000e+01    5.029489e-04
1.628000e+01    5.019087e-04
1.629000e+01    5.008702e-04
1.630000e+01    4.998334e-04
1.631000e+01    4.987984e-04
1.632000e+01    4.977650e-04
1.633000e+01    4.967334e-04
1.634000e+01    4.957035e-04
1.635000e+01    4.946752e-04
1.636000e+01    4.936487e-04
1.637000e+01    4.926239e-04
1.638000e+01    4.916007e-04
1.639000e+01    4.905793e-04
1.640000e+01    4.895595e-04
1.641000e+01    4.885415e-04
1.642000e+01    4.875251e-04
1.643000e+01    4.865103e-04
1.644000e+01    4.854973e-04
1.645000e+01    4.844859e-04
1.646000e+01    4.834762e-04
1.647000e+01    4.824681e-04
1.648000e+01    4.814617e-04
1.649000e+01    4.804569e-04
1.650000e+01    4.794538e-04
1.651000e+01    4.784524e-04
1.652000e+01    4.774526e-04
1.653000e+01    4.764544e-04
1.654000e+01    4.754579e-04
1.655000e+01    4.744630e-04
1.656000e+01    4.734697e-04
1.657000e+01    4.724780e-04
1.658000e+01    4.714880e-04
1.659000e+01    4.704996e-04
1.660000e+01    4.695128e-04
1.661000e+01    4.685276e-04
1.662000e+01    4.675440e-04
1.663000e+01    4.665620e-04
1.664000e+01    4.655817e-04
1.665000e+01    4.646029e-04
1.666000e+01    4.636257e-04
1.667000e+01    4.626501e-04
1.668000e+01    4.616761e-04
1.669000e+01    4.607037e-04
1.670000e+01    4.597329e-04
1.671000e+01    4.587636e-04
1.672000e+01    4.577959e-04
1.673000e+01    4.568298e-04
1.674000e+01    4.558653e-04
1.675000e+01    4.549023e-04
1.676000e+01    4.539409e-04
1.677000e+01    4.529810e-04
1.678000e+01    4.520227e-04
1.679000e+01    4.510660e-04
1.680000e+01    4.501108e-04
1.681000e+01    4.491571e-04
1.682000e+01    4.482050e-04
1.683000e+01    4.472544e-04
1.684000e+01    4.463053e-04
1.685000e+01    4.453578e-04
1.686000e+01    4.444118e-04
1.687000e+01    4.434674e-04
1.688000e+01    4.425245e-04
1.689000e+01    4.415830e-04
1.690000e+01    4.406431e-04
1.691000e+01    4.397047e-04
1.692000e+01    4.387679e-04
1.693000e+01    4.378325e-04
1.694000e+01    4.368986e-04
1.695000e+01    4.359662e-04
1.696000e+01    4.350354e-04
1.697000e+01    4.341060e-04
1.698000e+01    4.331781e-04
1.699000e+01    4.322517e-04
1.700000e+01    4.313268e-04
1.701000e+01    4.304034e-04
1.702000e+01    4.294814e-04
1.703000e+01    4.285609e-04
1.704000e+01    4.276419e-04
1.705000e+01    4.267244e-04
1.706000e+01    4.258083e-04
1.707000e+01    4.248937e-04
1.708000e+01    4.239806e-04
1.709000e+01    4.230689e-04
1.710000e+01    4.221586e-04
1.711000e+01    4.212498e-04
1.712000e+01    4.203425e-04
1.713000e+01    4.194366e-04
1.714000e+01    4.185322e-04
1.715000e+01    4.176292e-04
1.716000e+01    4.167276e-04
1.717000e+01    4.158274e-04
1.718000e+01    4.149287e-04
1.719000e+01    4.140315e-04
1.720000e+01    4.131356e-04
1.721000e+01    4.122412e-04
1.722000e+01    4.113481e-04
1.723000e+01    4.104565e-04
1.724000e+01    4.095664e-04
1.725000e+01    4.086776e-04
1.726000e+01    4.077902e-04
1.727000e+01    4.069042e-04
1.728000e+01    4.060197e-04
1.729000e+01    4.051365e-04
1.730000e+01    4.042547e-04
1.731000e+01    4.033744e-04
1.732000e+01    4.024954e-04
1.733000e+01    4.016178e-04
1.734000e+01    4.007416e-04
1.735000e+01    3.998667e-04
1.736000e+01    3.989933e-04
1.737000e+01    3.981212e-04
1.738000e+01    3.972505e-04
1.739000e+01    3.963811e-04
1.740000e+01    3.955132e-04
1.741000e+01    3.946466e-04
1.742000e+01    3.937813e-04
1.743000e+01    3.929174e-04
1.744000e+01    3.920549e-04
1.745000e+01    3.911937e-04
1.746000e+01    3.903339e-04
1.747000e+01    3.894754e-04
1.748000e+01    3.886183e-04
1.749000e+01    3.877625e-04
1.750000e+01    3.869081e-04
1.751000e+01    3.860550e-04
1.752000e+01    3.852032e-04
1.753000e+01    3.843527e-04
1.754000e+01    3.835036e-04
1.755000e+01    3.826558e-04
1.756000e+01    3.818094e-04
1.757000e+01    3.809642e-04
1.758000e+01    3.801204e-04
1.759000e+01    3.792779e-04
1.760000e+01    3.784367e-04
1.761000e+01    3.775968e-04
1.762000e+01    3.767582e-04
1.763000e+01    3.759210e-04
1.764000e+01    3.750850e-04
1.765000e+01    3.742503e-04
1.766000e+01    3.734170e-04
1.767000e+01    3.725849e-04
1.768000e+01    3.717541e-04
1.769000e+01    3.709246e-04
1.770000e+01    3.700964e-04
1.771000e+01    3.692695e-04
1.772000e+01    3.684438e-04
1.773000e+01    3.676195e-04
1.774000e+01    3.667964e-04
1.775000e+01    3.659746e-04
1.776000e+01    3.651540e-04
1.777000e+01    3.643348e-04
1.778000e+01    3.635168e-04
1.779000e+01    3.627000e-04
1.780000e+01    3.618846e-04
1.781000e+01    3.610703e-04
1.782000e+01    3.602574e-04
1.783000e+01    3.594457e-04
1.784000e+01    3.586352e-04
1.785000e+01    3.578260e-04
1.786000e+01    3.570180e-04
1.787000e+01    3.562113e-04
1.788000e+01    3.554059e-04
1.789000e+01    3.546016e-04
1.790000e+01    3.537986e-04
1.791000e+01    3.529969e-04
1.792000e+01    3.521963e-04
1.793000e+01    3.513970e-04
1.794000e+01    3.505990e-04
1.795000e+01    3.498021e-04
1.796000e+01    3.490065e-04
1.797000e+01    3.482121e-04
1.798000e+01    3.474189e-04
1.799000e+01    3.466269e-04
1.800000e+01    3.458361e-04
1.801000e+01    3.450466e-04
1.802000e+01    3.442582e-04
1.803000e+01    3.434711e-04
1.804000e+01    3.426852e-04
1.805000e+01    3.419004e-04
1.806000e+01    3.411169e-04
1.807000e+01    3.403346e-04
1.808000e+01    3.395534e-04
1.809000e+01    3.387734e-04
1.810000e+01    3.379947e-04
1.811000e+01    3.372171e-04
1.812000e+01    3.364407e-04
1.813000e+01    3.356655e-04
1.814000e+01    3.348914e-04
1.815000e+01    3.341186e-04
1.816000e+01    3.333469e-04
1.817000e+01    3.325764e-04
1.818000e+01    3.318071e-04
1.819000e+01    3.310389e-04
1.820000e+01    3.302719e-04
1.821000e+01    3.295060e-04
1.822000e+01    3.287414e-04
1.823000e+01    3.279778e-04
1.824000e+01    3.272155e-04
1.825000e+01    3.264543e-04
1.826000e+01    3.256942e-04
1.827000e+01    3.249353e-04
1.828000e+01    3.241775e-04
1.829000e+01    3.234209e-04
1.830000e+01    3.226655e-04
1.831000e+01    3.219111e-04
1.832000e+01    3.211579e-04
1.833000e+01    3.204059e-04
1.834000e+01    3.196550e-04
1.835000e+01    3.189052e-04
1.836000e+01    3.181565e-04
1.837000e+01    3.174090e-04
1.838000e+01    3.166626e-04
1.839000e+01    3.159173e-04
1.840000e+01    3.151731e-04
1.841000e+01    3.144301e-04
1.842000e+01    3.136882e-04
1.843000e+01    3.129474e-04
1.844000e+01    3.122077e-04
1.845000e+01    3.114691e-04
1.846000e+01    3.107316e-04
1.847000e+01    3.099953e-04
1.848000e+01    3.092600e-04
1.849000e+01    3.085258e-04
1.850000e+01    3.077928e-04
1.851000e+01    3.070608e-04
1.852000e+01    3.063299e-04
1.853000e+01    3.056002e-04
1.854000e+01    3.048715e-04
1.855000e+01    3.041439e-04
1.856000e+01    3.034174e-04
1.857000e+01    3.026920e-04
1.858000e+01    3.019676e-04
1.859000e+01    3.012444e-04
1.860000e+01    3.005222e-04
1.861000e+01    2.998011e-04
1.862000e+01    2.990811e-04
1.863000e+01    2.983621e-04
1.864000e+01    2.976442e-04
1.865000e+01    2.969274e-04
1.866000e+01    2.962117e-04
1.867000e+01    2.954970e-04
1.868000e+01    2.947834e-04
1.869000e+01    2.940708e-04
1.870000e+01    2.933593e-04
1.871000e+01    2.926489e-04
1.872000e+01    2.919395e-04
1.873000e+01    2.912312e-04
1.874000e+01    2.905239e-04
1.875000e+01    2.898177e-04
1.876000e+01    2.891125e-04
1.877000e+01    2.884083e-04
1.878000e+01    2.877052e-04
1.879000e+01    2.870032e-04
1.880000e+01    2.863021e-04
1.881000e+01    2.856022e-04
1.882000e+01    2.849032e-04
1.883000e+01    2.842053e-04
1.884000e+01    2.835084e-04
1.885000e+01    2.828126e-04
1.886000e+01    2.821177e-04
1.887000e+01    2.814239e-04
1.888000e+01    2.807311e-04
1.889000e+01    2.800394e-04
1.890000e+01    2.793486e-04
1.891000e+01    2.786589e-04
1.892000e+01    2.779702e-04
1.893000e+01    2.772825e-04
1.894000e+01    2.765958e-04
1.895000e+01    2.759102e-04
1.896000e+01    2.752255e-04
1.897000e+01    2.745418e-04
1.898000e+01    2.738592e-04
1.899000e+01    2.731775e-04
1.900000e+01    2.724969e-04
1.901000e+01    2.718172e-04
1.902000e+01    2.711386e-04
1.903000e+01    2.704609e-04
1.904000e+01    2.697842e-04
1.905000e+01    2.691086e-04
1.906000e+01    2.684339e-04
1.907000e+01    2.677602e-04
1.908000e+01    2.670874e-04
1.909000e+01    2.664157e-04
1.910000e+01    2.657450e-04
1.911000e+01    2.650752e-04
1.912000e+01    2.644064e-04
1.913000e+01    2.637386e-04
1.914000e+01    2.630717e-04
1.915000e+01    2.624059e-04
1.916000e+01    2.617410e-04
1.917000e+01    2.610770e-04
1.918000e+01    2.604141e-04
1.919000e+01    2.597521e-04
1.920000e+01    2.590910e-04
1.921000e+01    2.584310e-04
1.922000e+01    2.577719e-04
1.923000e+01    2.571137e-04
1.924000e+01    2.564565e-04
1.925000e+01    2.558003e-04
1.926000e+01    2.551450e-04
1.927000e+01    2.544906e-04
1.928000e+01    2.538373e-04
1.929000e+01    2.531848e-04
1.930000e+01    2.525333e-04
1.931000e+01    2.518828e-04
1.932000e+01    2.512332e-04
1.933000e+01    2.505845e-04
1.934000e+01    2.499368e-04
1.935000e+01    2.492900e-04
1.936000e+01    2.486441e-04
1.937000e+01    2.479992e-04
1.938000e+01    2.473552e-04
1.939000e+01    2.467121e-04
1.940000e+01    2.460700e-04
1.941000e+01    2.454288e-04
1.942000e+01    2.447885e-04
1.943000e+01    2.441492e-04
1.944000e+01    2.435107e-04
1.945000e+01    2.428732e-04
1.946000e+01    2.422366e-04
1.947000e+01    2.416009e-04
1.948000e+01    2.409662e-04
1.949000e+01    2.403323e-04
1.950000e+01    2.396994e-04
1.951000e+01    2.390674e-04
1.952000e+01    2.384362e-04
1.953000e+01    2.378060e-04
1.954000e+01    2.371767e-04
1.955000e+01    2.365483e-04
1.956000e+01    2.359208e-04
1.957000e+01    2.352942e-04
1.958000e+01    2.346685e-04
1.959000e+01    2.340437e-04
1.960000e+01    2.334198e-04
1.961000e+01    2.327968e-04
1.962000e+01    2.321746e-04
1.963000e+01    2.315534e-04
1.964000e+01    2.309330e-04
1.965000e+01    2.303136e-04
1.966000e+01    2.296950e-04
1.967000e+01    2.290773e-04
1.968000e+01    2.284605e-04
1.969000e+01    2.278446e-04
1.970000e+01    2.272295e-04
1.971000e+01    2.266153e-04
1.972000e+01    2.260020e-04
1.973000e+01    2.253896e-04
1.974000e+01    2.247781e-04
1.975000e+01    2.241674e-04
1.976000e+01    2.235576e-04
1.977000e+01    2.229486e-04
1.978000e+01    2.223406e-04
1.979000e+01    2.217333e-04
1.980000e+01    2.211270e-04
1.981000e+01    2.205215e-04
1.982000e+01    2.199169e-04
1.983000e+01    2.193131e-04
1.984000e+01    2.187102e-04
1.985000e+01    2.181081e-04
1.986000e+01    2.175069e-04
1.987000e+01    2.169066e-04
1.988000e+01    2.163071e-04
1.989000e+01    2.157085e-04
1.990000e+01    2.151106e-04
1.991000e+01    2.145137e-04
1.992000e+01    2.139176e-04
1.993000e+01    2.133223e-04
1.994000e+01    2.127279e-04
1.995000e+01    2.121343e-04
1.996000e+01    2.115416e-04
1.997000e+01    2.109497e-04
1.998000e+01    2.103586e-04
1.999000e+01    2.097683e-04
2.000000e+01    2.091789e-04
2.001000e+01    2.085904e-04
2.002000e+01    2.080026e-04
2.003000e+01    2.074157e-04
2.004000e+01    2.068296e-04
2.005000e+01    2.062443e-04
2.006000e+01    2.056599e-04
2.007000e+01    2.050763e-04
2.008000e+01    2.044935e-04
2.009000e+01    2.039115e-04
2.010000e+01    2.033303e-04
2.011000e+01    2.027500e-04
2.012000e+01    2.021705e-04
2.013000e+01    2.015917e-04
2.014000e+01    2.010138e-04
2.015000e+01    2.004367e-04
2.016000e+01    1.998605e-04
2.017000e+01    1.992850e-04
2.018000e+01    1.987103e-04
2.019000e+01    1.981364e-04
2.020000e+01    1.975634e-04
2.021000e+01    1.969911e-04
2.022000e+01    1.964197e-04
2.023000e+01    1.958490e-04
2.024000e+01    1.952791e-04
2.025000e+01    1.947101e-04
2.026000e+01    1.941418e-04
2.027000e+01    1.935743e-04
2.028000e+01    1.930076e-04
2.029000e+01    1.924418e-04
2.030000e+01    1.918766e-04
2.031000e+01    1.913123e-04
2.032000e+01    1.907488e-04
2.033000e+01    1.901861e-04
2.034000e+01    1.896241e-04
2.035000e+01    1.890629e-04
2.036000e+01    1.885025e-04
2.037000e+01    1.879429e-04
2.038000e+01    1.873841e-04
2.039000e+01    1.868260e-04
2.040000e+01    1.862687e-04
2.041000e+01    1.857122e-04
2.042000e+01    1.851565e-04
2.043000e+01    1.846015e-04
2.044000e+01    1.840473e-04
2.045000e+01    1.834939e-04
2.046000e+01    1.829412e-04
2.047000e+01    1.823893e-04
2.048000e+01    1.818382e-04
2.049000e+01    1.812878e-04
2.050000e+01    1.807382e-04
2.051000e+01    1.801893e-04
2.052000e+01    1.796413e-04
2.053000e+01    1.790939e-04
2.054000e+01    1.785474e-04
2.055000e+01    1.780015e-04
2.056000e+01    1.774565e-04
2.057000e+01    1.769122e-04
2.058000e+01    1.763686e-04
2.059000e+01    1.758258e-04
2.060000e+01    1.752838e-04
2.061000e+01    1.747424e-04
2.062000e+01    1.742019e-04
2.063000e+01    1.736621e-04
2.064000e+01    1.731230e-04
2.065000e+01    1.725847e-04
2.066000e+01    1.720471e-04
2.067000e+01    1.715102e-04
2.068000e+01    1.709741e-04
2.069000e+01    1.704387e-04
2.070000e+01    1.699041e-04
2.071000e+01    1.693702e-04
2.072000e+01    1.688370e-04
2.073000e+01    1.683046e-04
2.074000e+01    1.677728e-04
2.075000e+01    1.672419e-04
2.076000e+01    1.667116e-04
2.077000e+01    1.661821e-04
2.078000e+01    1.656533e-04
2.079000e+01    1.651252e-04
2.080000e+01    1.645979e-04
2.081000e+01    1.640712e-04
2.082000e+01    1.635453e-04
2.083000e+01    1.630201e-04
2.084000e+01    1.624957e-04
2.085000e+01    1.619719e-04
2.086000e+01    1.614489e-04
2.087000e+01    1.609266e-04
2.088000e+01    1.604049e-04
2.089000e+01    1.598840e-04
2.090000e+01    1.593639e-04
2.091000e+01    1.588444e-04
2.092000e+01    1.583256e-04
2.093000e+01    1.578076e-04
2.094000e+01    1.572902e-04
2.095000e+01    1.567735e-04
2.096000e+01    1.562576e-04
2.097000e+01    1.557424e-04
2.098000e+01    1.552278e-04
2.099000e+01    1.547140e-04
