1.	0.08020556894046232
1.01	0.07922056549919572
1.02	0.07825673812193623
1.03	0.07731343404504624
1.04	0.07639002664423075
1.05	0.07548591415063953
1.06	0.07460051844148118
1.07	0.07373328390017259
1.08	0.07288367634142111
1.09	0.07205118199698213
1.1	0.0712353065581484
1.11	0.07043557427131808
1.12	0.0696515270832534
1.13	0.06888272383288613
1.1400000000000001	0.0681287394867514
1.15	0.06738916441533671
1.16	0.06666360370782481
1.17	0.06595167652288424
1.18	0.0652530154733229
1.19	0.06456726604257028
1.2	0.063894086031091
1.21	0.06323314503096213
1.22	0.06258412392696183
1.23	0.061946714422628946
1.24	0.06132061858985306
1.25	0.060705548440649015
1.26	0.060101225519855854
1.27	0.059507380517582746
1.28	0.058923752900298006
1.29	0.058350090559527064
1.3	0.0577861494771915
1.31	0.057231693406679426
1.32	0.05668649356879554
1.33	0.05615032836178961
1.34	0.05562298308471296
1.35	0.055104249673395354
1.3599999999999999	0.0545939264483796
1.37	0.05409181787418829
1.38	0.05359773432933631
1.3900000000000001	0.053111491886534676
1.4	0.05263291210256626
1.4100000000000001	0.05216182181734122
1.42	0.051698052961670675
1.43	0.05124144237332159
1.44	0.05079183162094171
1.45	0.05034906683546603
1.46	0.049912998548638315
1.47	0.04948348153830066
1.48	0.04906037468012456
1.49	0.048643540805473603
1.5	0.04823284656510543
1.51	0.04782816229843585
1.52	0.047429361908103845
1.53	0.04703632273958876
1.54	0.04664892546564524
1.55	0.04626705397533337
1.56	0.0458905952674332
1.57	0.045519439348043464
1.58	0.04515347913217529
1.5899999999999999	0.04479261034916094
1.6	0.044436731451706506
1.6099999999999999	0.04408574352842713
1.62	0.04373955021971025
1.63	0.04339805763676124
1.6400000000000001	0.04306117428369195
1.65	0.04272881098252065
1.6600000000000001	0.042400880800957226
1.67	0.04207729898285491
1.6800000000000002	0.04175798288121405
1.69	0.04144285189363052
1.7000000000000002	0.04113182740008541
1.71	0.040824832702978035
1.72	0.04052179296930882
1.73	0.04022263517492318
1.74	0.03992728805073138
1.75	0.03963568203082382
1.76	0.03934774920240418
1.77	0.03906342325746715
1.78	0.038782639446150693
1.79	0.03850533453169537
1.8	0.03823144674694721
1.81	0.03796091575234278
1.82	0.03769368259531835
1.83	0.037429689671087014
1.8399999999999999	0.037168880684731155
1.85	0.036911200614558534
1.8599999999999999	0.036656595676673995
1.87	0.03640501329071986
1.88	0.03615640204674061
1.8900000000000001	0.03591071167312919
1.9	0.03566789300561411
1.9100000000000001	0.03542789795724843
1.92	0.035190679489363164
1.9300000000000002	0.034956191583449196
1.94	0.034724389213933705
1.9500000000000002	0.03449522832181783
1.96	0.034268665789144497
1.97	0.03404465941426586
1.98	0.033823167887881776
1.99	0.033604150769821116
2.	0.03338756846653969
2.01	0.03317338220930905
2.02	0.032961554033071654
2.0300000000000002	0.03275204675593901
2.04	0.032544823959309827
2.05	0.03233984996858722
2.06	0.03213708983447315
2.0700000000000003	0.03193650931482121
2.08	0.031738074857027426
2.09	0.03154175358094151
2.1	0.03134751326228027
2.1100000000000003	0.031155322316526343
2.12	0.030965149783295797
2.13	0.030776965311158776
2.14	0.030590739142898008
2.1500000000000004	0.03040644210119074
2.16	0.030224045574699928
2.17	0.030043521504560917
2.1799999999999997	0.02986484237125119
2.19	0.02968798118183001
2.2	0.029512911457536508
2.21	0.02933960722173386
2.2199999999999998	0.02916804298818926
2.23	0.02899819374967802
2.24	0.028830034966902167
2.25	0.028663542557712862
2.26	0.028498692886627614
2.27	0.02833546275463242
2.2800000000000002	0.02817382938926038
2.29	0.02801377043493767
2.3	0.02785526394358882
2.31	0.027698288365493293
2.3200000000000003	0.027542822540385273
2.33	0.027388845688789597
2.34	0.02723633740358616
2.35	0.02708527764179631
2.3600000000000003	0.026935646716583935
2.37	0.02678742528946531
2.38	0.026640594362720864
2.39	0.0264951352720033
2.4000000000000004	0.02635102967913593
2.41	0.026208259565095437
2.42	0.026066807223174067
2.4299999999999997	0.0259266552523154
2.44	0.025787786550619057
2.45	0.02565018430900903
2.46	0.025513832005061236
2.4699999999999998	0.025378713396985206
2.48	0.025244812517755993
2.49	0.025112113669391496
2.5	0.02498060141737133
2.51	0.024850260585193
2.52	0.02472107624906168
2.5300000000000002	0.024593033732709574
2.54	0.0244661186023414
2.55	0.024340316661702364
2.56	0.02421561394726504
2.5700000000000003	0.024091996723532273
2.58	0.023969451478452312
2.59	0.023847964918943528
2.6	0.02372752396652538
2.6100000000000003	0.023608115753053025
2.62	0.023489727616552335
2.63	0.02337234709715292
2.64	0.023255961933116354
2.6500000000000004	0.023140560056957013
2.66	0.0230261295916531
2.67	0.02291265884694534
2.6799999999999997	0.022800136315721052
2.69	0.022688550670481346
2.7	0.02257789075988919
2.71	0.02246814560539618
2.7199999999999998	0.022359304397946075
2.73	0.022251356494752815
2.74	0.022144291416151464
2.75	0.022038098842519734
2.76	0.021932768611268534
2.77	0.021828290713899794
2.7800000000000002	0.021724655293129586
2.79	0.02162185264007507
2.8	0.021519873191503506
2.81	0.02141870752714188
2.8200000000000003	0.021318346367045455
2.83	0.021218780569023828
2.84	0.021120001126123035
2.85	0.021021999164162326
2.8600000000000003	0.020924765939324096
2.87	0.02082829283579589
2.88	0.020732571363462883
2.89	0.02063759315564985
2.9000000000000004	0.02054334996691131
2.91	0.020449833670868455
2.92	0.02035703625809212
2.9299999999999997	0.020264949834030283
2.94	0.02017356661697926
2.95	0.02008287893609731
2.96	0.019992879229459932
2.9699999999999998	0.01990356004215546
2.98	0.019814914024420382
2.99	0.019726933929813013
3.	0.01963961261342507
3.0100000000000002	0.01955294303012975
3.02	0.01946691823286596
3.0300000000000002	0.01938153137095729
3.04	0.01929677568846543
3.05	0.019212644522576868
3.06	0.019129131302022182
3.07	0.01904622954552729
3.08	0.01896393286029569
3.09	0.018882234940521204
3.1	0.018801129565930257
3.11	0.01872061060035335
3.12	0.018640671990324632
3.13	0.018561307763709387
3.14	0.018482512028358378
3.15	0.018404278970788692
3.16	0.018326602854890513
3.17	0.018249478020658925
3.18	0.01817289888295061
3.19	0.018096859930264494
3.2	0.018021355723546087
3.21	0.017946380895014803
3.22	0.017871930147013895
3.23	0.017797998250882265
3.24	0.017724580045848044
3.25	0.017651670437943055
3.2600000000000002	0.017579264398937998
3.27	0.017507356965297673
3.2800000000000002	0.017435943237156058
3.29	0.017365018377310564
3.3000000000000003	0.01729457761023518
3.31	0.01722461622111211
3.32	0.017155129554881347
3.33	0.017086113015308095
3.34	0.017017562064067297
3.35	0.016949472219845184
3.36	0.016881839057457333
3.37	0.01681465820698296
3.38	0.016747925352914982
3.39	0.016681636233325723
3.4	0.016615786639047725
3.41	0.016550372412869423
3.42	0.01648538944874547
3.43	0.016420833691021156
3.44	0.016356701133670996
3.45	0.016292987819550752
3.46	0.016229689839663046
3.47	0.0161668033324359
3.48	0.016104324483014278
3.49	0.016042249522564
3.5	0.015980574727588216
3.5100000000000002	0.01591929641925568
3.52	0.015858410962741022
3.5300000000000002	0.015797914766576528
3.54	0.015737804282015228
3.5500000000000003	0.01567807600240518
3.56	0.015618726462574522
3.57	0.0155597522382273
3.58	0.015501149945349658
3.59	0.015442916239626358
3.6	0.01538504781586723
3.61	0.015327541407443575
3.62	0.015270393785734119
3.63	0.01521360175958046
3.64	0.015157162174751772
3.65	0.015101071913418614
3.66	0.015045327893635604
3.67	0.014989927068832828
3.68	0.014934866427315865
3.69	0.014880142991774103
3.7	0.014825753818797386
3.71	0.014771695998400678
3.72	0.014717966653556635
3.73	0.014664562939735962
3.74	0.014611482044455401
3.75	0.014558721186833103
3.7600000000000002	0.014506277617151443
3.77	0.014454148616426904
3.7800000000000002	0.014402331495987101
3.79	0.01435082359705465
3.8000000000000003	0.01429962229033786
3.81	0.014248724975628086
3.82	0.014198129081403556
3.83	0.01414783206443968
3.84	0.014097831409425604
3.85	0.01404812462858693
3.86	0.013998709261314512
3.87	0.013949582873799177
3.88	0.013900743058672282
3.89	0.013852187434652023
3.9	0.01380391364619534
3.91	0.013755919363155284
3.92	0.01370820228044394
3.93	0.013660760117700494
3.94	0.013613590618964671
3.95	0.013566691552355185
3.96	0.013520060709753277
3.97	0.013473695906491197
3.98	0.013427594981045496
3.99	0.013381755794735103
4.	0.013336176231424107
4.01	0.01329085419722907
4.02	0.01324578762023091
4.03	0.013200974450191173
4.04	0.013156412658272726
4.050000000000001	0.013112100236764594
4.0600000000000005	0.013068035198811145
4.07	0.013024215578145272
4.08	0.01298063942882576
4.09	0.012937304824978495
4.1	0.012894209860541668
4.109999999999999	0.012851352649014807
4.12	0.012808731323211588
4.13	0.012766344035016343
4.140000000000001	0.012724188955144192
4.15	0.012682264272904828
4.16	0.012640568195969735
4.17	0.012599098950142943
4.18	0.012557854779135123
4.1899999999999995	0.012516833944341063
4.2	0.012476034724620385
4.21	0.012435455416081584
4.220000000000001	0.012395094331869111
4.23	0.012354949801953664
4.24	0.012315020172925512
4.25	0.012275303807790872
4.26	0.012235799085771187
4.27	0.012196504402105363
4.28	0.012157418167854858
4.29	0.012118538809711595
4.300000000000001	0.012079864769808645
4.3100000000000005	0.012041394505533593
4.32	0.012003126489344658
4.33	0.011965059208589354
4.34	0.011927191165325866
4.35	0.011889520876146812
4.359999999999999	0.011852046872005651
4.37	0.011814767698045485
4.38	0.01177768191343032
4.390000000000001	0.01174078809117863
4.4	0.0117040848179994
4.41	0.011667570694130346
4.42	0.01163124433317848
4.43	0.011595104361962904
4.4399999999999995	0.011559149420359733
4.45	0.011523378161149274
4.46	0.011487789249865253
4.470000000000001	0.011452381364646207
4.48	0.011417153196088818
4.49	0.011382103447103411
4.5	0.011347230832771334
4.51	0.011312534080204379
4.52	0.011278011928406073
4.53	0.011243663128134879
4.54	0.011209486441769308
4.550000000000001	0.011175480643174808
4.5600000000000005	0.011141644517572527
4.57	0.011107976861409793
4.58	0.011074476482232384
4.59	0.01104114219855854
4.6	0.01100797283975464
4.609999999999999	0.01097496724591256
4.62	0.010942124267728694
4.63	0.010909442766384565
4.640000000000001	0.010876921613429073
4.65	0.010844559690662286
4.66	0.010812355890020777
4.67	0.010780309113464486
4.68	0.010748418272865101
4.6899999999999995	0.010716682289895911
4.7	0.01068510009592306
4.71	0.01065367063189832
4.720000000000001	0.010622392848253209
4.73	0.010591265704794522
4.74	0.01056028817060123
4.75	0.010529459223922701
4.76	0.010498777852078301
4.77	0.010468243051358232
4.78	0.010437853826925724
4.79	0.010407609192720447
4.800000000000001	0.010377508171363186
4.8100000000000005	0.010347549794061741
4.82	0.010317733100518063
4.83	0.010288057138836551
4.84	0.010258520965433532
4.85	0.010229123644947918
4.859999999999999	0.01019986425015298
4.87	0.010170741861869264
4.88	0.010141755568878598
4.890000000000001	0.010112904467839206
4.9	0.010084187663201877
4.91	0.010055604267127238
4.92	0.010027153399404007
4.93	0.009998834187368296
4.9399999999999995	0.009970645765823991
4.95	0.009942587276964027
4.96	0.009914657870292727
4.970000000000001	0.00988685670254906
4.98	0.009859182937630901
4.99	0.009831635746520195
5.	0.009804214307209076
5.01	0.009776917804626868
5.0200000000000005	0.009749745430568026
5.03	0.009722696383620963
5.04	0.009695769869097716
5.05	0.009668965098964515
5.0600000000000005	0.00964228129177318
5.07	0.009615717672593381
5.08	0.009589273472945714
5.09	0.009562947930735576
5.1	0.009536740290187862
5.11	0.00951064980178246
5.12	0.009484675722190541
5.13	0.009458817314211563
5.14	0.009433073846711092
5.15	0.009407444594559361
5.16	0.00938192883857055
5.17	0.009356525865442805
5.18	0.009331234967698996
5.19	0.009306055443628124
5.2	0.009280986597227512
5.21	0.009256027738145624
5.22	0.009231178181625572
5.23	0.009206437248449308
5.24	0.009181804264882475
5.25	0.009157278562619919
5.26	0.009132859478731796
5.2700000000000005	0.009108546355610382
5.28	0.009084338540917468
5.29	0.009060235387532374
5.3	0.009036236253500593
5.3100000000000005	0.009012340501983
5.32	0.008988547501205696
5.33	0.008964856624410404
5.34	0.008941267249805455
5.3500000000000005	0.008917778760517333
5.36	0.008894390544542814
5.37	0.0088711019947016
5.38	0.008847912508589567
5.39	0.008824821488532492
5.4	0.008801828341540344
5.41	0.00877893247926211
5.42	0.00875613331794109
5.43	0.008733430278370778
5.44	0.00871082278585117
5.45	0.008688310270145614
5.46	0.008665892165438139
5.47	0.008643567910291295
5.48	0.008621336947604395
5.49	0.008599198724572337
5.5	0.008577152692644786
5.51	0.008555198307485901
5.5200000000000005	0.008533335028934459
5.53	0.00851156232096445
5.54	0.00848987965164612
5.55	0.008468286493107414
5.5600000000000005	0.008446782321495918
5.57	0.008425366616941148
5.58	0.008404038863517297
5.59	0.008382798549206406
5.6000000000000005	0.008361645165861938
5.61	0.008340578209172727
5.62	0.008319597178627356
5.63	0.008298701577478914
5.64	0.00827789091271015
5.65	0.008257164694999009
5.66	0.00823652243868454
5.67	0.008215963661733165
5.68	0.008195487885705368
5.69	0.008175094635722668
5.7	0.008154783440435033
5.71	0.00813455383198859
5.72	0.008114405345993704
5.73	0.008094337521493437
5.74	0.008074349900932276
5.75	0.00805444203012527
5.76	0.00803461345822746
5.7700000000000005	0.008014863737703635
5.78	0.007995192424298468
5.79	0.007975599077006882
5.8	0.007956083258044803
5.8100000000000005	0.007936644532820218
5.82	0.00791728246990451
5.83	0.00789799664100413
5.84	0.007878786620932545
5.8500000000000005	0.007859651987582497
5.86	0.0078405923218986
5.87	0.007821607207850105
5.88	0.007802696232404094
5.89	0.007783858985498871
5.9	0.007765095060017646
5.91	0.007746404051762543
5.92	0.007727785559428793
5.93	0.007709239184579283
5.94	0.007690764531619327
5.95	0.007672361207771707
5.96	0.007654028823051979
5.97	0.0076357669902440365
5.98	0.007617575324875915
5.99	0.007599453445195877
6.	0.007581400972148707
6.01	0.007563417529352278
6.0200000000000005	0.0075455027430743555
6.03	0.007527656242209627
6.04	0.007509877658256996
6.05	0.007492166625297067
6.0600000000000005	0.00747452277996991
6.07	0.007456945761453005
6.08	0.00743943521143947
6.09	0.007421990774116428
6.1000000000000005	0.007404612096143688
6.11	0.007387298826632572
6.12	0.007370050617124989
6.13	0.007352867121572724
6.14	0.007335747996316914
6.15	0.007318692900067749
6.16	0.007301701493884383
6.17	0.007284773441155032
6.18	0.007267908407577278
6.19	0.007251106061138566
6.2	0.007234366072096913
6.21	0.0072176881129618
6.22	0.007201071858475236
6.23	0.007184516985593051
6.24	0.0071680231734663315
6.25	0.007151590103423095
6.26	0.007135217458950071
6.2700000000000005	0.0071189049256747405
6.28	0.007102652191347509
6.29	0.007086458945824041
6.3	0.007070324881047847
6.3100000000000005	0.007054249691032928
6.32	0.00703823307184669
6.33	0.007022274721592967
6.34	0.007006374340395244
6.3500000000000005	0.00699053163038003
6.36	0.0069747462956603785
6.37	0.0069590180423195975
6.38	0.006943346578395109
6.39	0.006927731613862453
6.4	0.00691217286061946
6.41	0.006896670032470569
6.42	0.006881222845111306
6.43	0.006865831016112917
6.44	0.006850494264907109
6.45	0.006835212312771007
6.46	0.006819984882812194
6.47	0.006804811699953923
6.48	0.00678969249092048
6.49	0.006774626984222657
6.5	0.006759614910143384
6.51	0.006744656000723513
6.5200000000000005	0.006729749989747689
6.53	0.0067148966127304165
6.54	0.006700095606902211
6.55	0.0066853467111959
6.5600000000000005	0.006670649666233068
6.57	0.0066560042143105945
6.58	0.006641410099387358
6.59	0.006626867067071031
6.6000000000000005	0.006612374864605025
6.61	0.006597933240855556
6.62	0.006583541946298812
6.63	0.006569200733008252
6.64	0.006554909354642041
6.65	0.006540667566430565
6.66	0.006526475125164117
6.67	0.006512331789180628
6.68	0.006498237318353566
6.69	0.006484191474079952
6.7	0.006470194019268423
6.71	0.006456244718327488
6.72	0.006442343337153827
6.73	0.00642848964312075
6.74	0.006414683405066712
6.75	0.006400924393283975
6.76	0.006387212379507351
6.7700000000000005	0.006373547136903068
6.78	0.006359928440057709
6.79	0.006346356064967279
6.8	0.006332829789026371
6.8100000000000005	0.006319349391017396
6.82	0.006305914651099971
6.83	0.006292525350800346
6.84	0.00627918127300096
6.8500000000000005	0.006265882201930078
6.86	0.006252627923151549
6.87	0.006239418223554603
6.88	0.00622625289134379
6.89	0.006213131716028997
6.9	0.0062000544884155285
6.91	0.006187021000594335
6.92	0.006174031045932254
6.93	0.006161084419062392
6.94	0.006148180915874587
6.95	0.006135320333505939
6.96	0.006122502470331425
6.97	0.006109727125954624
6.98	0.006096994101198484
6.99	0.006084303198096225
7.	0.006071654219882259
7.01	0.006059046970983245
7.0200000000000005	0.006046481257009188
7.03	0.006033956884744642
7.04	0.006021473662139981
7.05	0.006009031398302722
7.0600000000000005	0.0059966299034889805
7.07	0.005984268989094939
7.08	0.005971948467648444
7.09	0.005959668152800634
7.1000000000000005	0.00594742785931767
7.11	0.005935227403072523
7.12	0.005923066601036847
7.13	0.005910945271272903
7.140000000000001	0.005898863232925561
7.15	0.0058868203062143985
7.16	0.005874816312425816
7.17	0.005862851073905271
7.18	0.00585092441404954
7.19	0.005839036157299078
7.2	0.005827186129130429
7.21	0.0058153741560487025
7.22	0.005803600065580108
7.23	0.005791863686264576
7.24	0.00578016484764842
7.25	0.0057685033802770775
7.26	0.0057568791156878945
7.2700000000000005	0.005745291886402991
7.28	0.005733741525922184
7.29	0.005722227868715952
7.3	0.005710750750218493
7.3100000000000005	0.005699310006820802
7.32	0.0056879054758638475
7.33	0.00567653699563177
7.34	0.005665204405345169
7.3500000000000005	0.005653907545154424
7.36	0.005642646256133077
7.37	0.005631420380271284
7.38	0.005620229760469308
7.390000000000001	0.005609074240531072
7.4	0.005597953665157755
7.41	0.005586867879941476
7.42	0.0055758167313589724
7.43	0.005564800066765401
7.44	0.005553817734388136
7.45	0.005542869583320638
7.46	0.00553195546351638
7.47	0.005521075225782827
7.48	0.005510228721775434
7.49	0.005499415803991748
7.5	0.005488636325765494
7.51	0.005477890141260779
7.5200000000000005	0.005467177105466288
7.53	0.0054564970741895515
7.54	0.00544584990405126
7.55	0.005435235452479629
7.5600000000000005	0.0054246535777048
7.57	0.005414104138753293
7.58	0.0054035869954425055
7.59	0.005393102008375243
7.6000000000000005	0.005382649038934333
7.61	0.005372227949277236
7.62	0.005361838602330717
7.63	0.005351480861785587
7.640000000000001	0.0053411545920914434
7.65	0.005330859658451488
7.66	0.005320595926817369
7.67	0.005310363263884061
7.68	0.005300161537084814
7.69	0.005289990614586116
7.7	0.005279850365282695
7.71	0.005269740658792587
7.72	0.005259661365452212
7.73	0.005249612356311529
7.74	0.005239593503129182
7.75	0.005229604678367722
7.76	0.005219645755188855
7.7700000000000005	0.0052097166074487255
7.78	0.005199817109693243
7.79	0.005189947137153446
7.8	0.005180106565740883
7.8100000000000005	0.00517029527204307
7.82	0.005160513133318955
7.83	0.00515076002749442
7.84	0.005141035833157819
7.8500000000000005	0.005131340429555577
7.86	0.0051216736965877885
7.87	0.0051120355148038575
7.88	0.005102425765398207
7.890000000000001	0.005092844330205965
7.9	0.005083291091698739
7.91	0.005073765932980385
7.92	0.0050642687377828325
7.93	0.005054799390461934
7.94	0.0050453577759933385
7.95	0.005035943779968423
7.96	0.005026557288590218
7.97	0.005017198188669406
7.98	0.005007866367620317
7.99	0.00499856171345698
8.	0.004989284114789186
8.01	0.004980033460818593
8.02	0.004970809641334867
8.030000000000001	0.004961612546711822
8.04	0.004952442067903645
8.05	0.004943298096441084
8.06	0.004934180524427729
8.07	0.004925089244536268
8.08	0.00491602415000481
8.09	0.004906985134633218
8.100000000000001	0.004897972092779465
8.11	0.004888984919356051
8.120000000000001	0.004880023509826391
8.129999999999999	0.0048710877602012965
8.14	0.00486217756703542
8.15	0.004853292827423789
8.16	0.004844433438998305
8.17	0.004835599299924319
8.18	0.0048267903088972
8.190000000000001	0.0048180063651389595
8.2	0.004809247368394865
8.21	0.004800513218930114
8.219999999999999	0.00479180381752651
8.23	0.004783119065479181
8.24	0.004774458864593301
8.25	0.004765823117180864
8.26	0.004757211726057452
8.27	0.004748624594539054
8.280000000000001	0.004740061626438892
8.29	0.004731522726064283
8.3	0.004723007798213504
8.31	0.00471451674817272
8.32	0.004706049481712879
8.33	0.004697605905086685
8.34	0.0046891859250255555
8.350000000000001	0.00468078944873662
8.36	0.004672416383899745
8.370000000000001	0.004664066638664552
8.379999999999999	0.004655740121647506
8.39	0.004647436741928967
8.4	0.004639156409050318
8.41	0.004630899033011092
8.42	0.004622664524266098
8.43	0.004614452793722604
8.440000000000001	0.004606263752737524
8.45	0.004598097313114635
8.46	0.0045899533871017785
8.469999999999999	0.00458183188738816
8.48	0.004573732727101559
8.49	0.0045656558198056895
8.5	0.004557601079497444
8.51	0.004549568420604267
8.52	0.0045415577579814926
8.530000000000001	0.004533569006909706
8.54	0.004525602083092148
8.55	0.004517656902652108
8.56	0.004509733382130356
8.57	0.0045018314384825875
8.58	0.004493950989076901
8.59	0.004486091951691244
8.600000000000001	0.004478254244510956
8.61	0.0044704377861262586
8.620000000000001	0.004462642495529797
8.629999999999999	0.0044548682921142085
8.64	0.0044471150956696725
8.65	0.004439382826381521
8.66	0.004431671404827825
8.67	0.004423980751977044
8.68	0.004416310789185636
8.690000000000001	0.004408661438195738
8.7	0.004401032621132839
8.71	0.00439342426050345
8.719999999999999	0.004385836279192854
8.73	0.004378268600462781
8.74	0.004370721147949179
8.75	0.004363193845659975
8.76	0.004355686617972815
8.77	0.004348199389632887
8.780000000000001	0.004340732085750711
8.79	0.004333284631799957
8.8	0.004325856953615276
8.81	0.004318448977390164
8.82	0.004311060629674819
8.83	0.004303691837374013
8.84	0.004296342527745017
8.850000000000001	0.004289012628395471
8.86	0.004281702067281345
8.870000000000001	0.004274410772704848
8.879999999999999	0.004267138673312418
8.89	0.004259885698092646
8.9	0.004252651776374306
8.91	0.0042454368378243125
8.92	0.004238240812445751
8.93	0.00423106363057591
8.940000000000001	0.004223905222884295
8.95	0.004216765520370704
8.96	0.004209644454363278
8.969999999999999	0.004202541956516589
8.98	0.004195457958809728
8.99	0.0041883923935444175
9.	0.004181345193343118
9.01	0.004174316291147174
9.02	0.004167305620214946
9.03	0.004160313114119981
9.040000000000001	0.004153338706749171
9.05	0.0041463823323009425
9.06	0.004139443925283451
9.07	0.004132523420512788
9.08	0.004125620753111202
9.09	0.00411873585850533
9.1	0.004111868672424446
9.11	0.0041050191308987065
9.120000000000001	0.004098187170257433
9.13	0.004091372727127385
9.14	0.004084575738431051
9.15	0.004077796141384953
9.16	0.004071033873497966
9.17	0.004064288872569639
9.18	0.004057561076688535
9.19	0.004050850424230584
9.2	0.0040441568538574345
9.21	0.004037480304514836
9.22	0.004030820715431015
9.23	0.004024178026115069
9.24	0.004017552176355371
9.25	0.004010943106217986
9.26	0.0040043507560450975
9.27	0.00399777506645344
9.28	0.003991215978332754
9.290000000000001	0.003984673432844233
9.3	0.0039781473714189984
9.31	0.003971637735756574
9.32	0.003965144467823377
9.33	0.003958667509851211
9.34	0.003952206804335782
9.35	0.003945762294035209
9.36	0.003939333921968561
9.370000000000001	0.003932921631414385
9.38	0.0039265253659092605
9.39	0.0039201450692463525
9.4	0.0039137806854739835
9.41	0.0039074321588942005
9.42	0.003901099434061375
9.43	0.0038947824557807862
9.44	0.003888481169107226
9.45	0.003882195519343626
9.46	0.003875925452039657
9.47	0.003869670912990389
9.48	0.0038634318482349043
9.49	0.003857208204054968
9.5	0.003850999926973673
9.51	0.0038448069637541213
9.52	0.003838629261398085
9.53	0.0038324667671446985
9.540000000000001	0.0038263194284691624
9.55	0.0038201871930814224
9.56	0.003814070008924897
9.57	0.0038079678241751944
9.58	0.0038018805872388323
9.59	0.0037958082467519807
9.6	0.003789750751579205
9.61	0.0037837080508122075
9.620000000000001	0.0037776800937686103
9.63	0.003771666829990696
9.64	0.003765668209244204
9.65	0.0037596841815171014
9.66	0.003753714697018385
9.67	0.003747759706176873
9.68	0.003741819159640015
9.69	0.0037358930082727134
9.700000000000001	0.0037299812031561285
9.71	0.0037240836955865332
9.72	0.0037182004370741287
9.73	0.0037123313793419026
9.74	0.0037064764743244723
9.75	0.0037006356741669574
9.76	0.0036948089312238337
9.77	0.0036889961980578123
9.78	0.0036831974274387277
9.790000000000001	0.0036774125723424153
9.8	0.0036716415859496176
9.81	0.0036658844216448786
9.82	0.0036601410330154576
9.83	0.0036544113738502474
9.84	0.0036486953981386947
9.85	0.0036429930600697298
9.86	0.003637304314030706
9.870000000000001	0.0036316291146063447
9.88	0.0036259674165776885
9.89	0.003620319174921046
9.9	0.0036146843448069685
9.91	0.003609062881599215
9.92	0.003603454740853728
9.93	0.0035978598783176197
9.94	0.003592278249928158
9.950000000000001	0.0035867098118117675
9.96	0.003581154520283027
9.97	0.0035756123318436794
9.98	0.0035700832031816464
9.99	0.0035645670911700535
10.	0.003559063952866244
10.01	0.003553573745510829
10.02	0.0035480964265267125
10.03	0.0035426319535181473
10.040000000000001	0.003537180284269776
10.05	0.003531741376745696
10.06	0.003526315189088518
10.07	0.003520901679618435
10.08	0.0035155008068322967
10.09	0.003510112529402687
10.1	0.0035047368061770145
10.11	0.003499373596176603
10.120000000000001	0.0034940228585957846
10.13	0.003488684552801002
10.14	0.003483358638329932
10.15	0.0034780450748905663
10.16	0.003472743822360363
10.17	0.0034674548407853563
10.18	0.0034621780903792863
10.19	0.0034569135315227345
10.200000000000001	0.0034516611247622678
10.21	0.0034464208308095834
10.22	0.0034411926105406485
10.23	0.00343597642499488
10.24	0.00343077223537428
10.25	0.003425580003042619
10.26	0.0034203996895245986
10.27	0.0034152312565050315
10.28	0.003410074665828023
10.290000000000001	0.0034049298794961574
10.3	0.0033997968596696858
10.31	0.0033946755686657284
10.32	0.00338956596895747
10.33	0.003384468023173367
10.34	0.003379381694096361
10.35	0.003374306944663089
10.36	0.0033692437379631126
10.370000000000001	0.0033641920372381277
10.38	0.003359151805881216
10.39	0.0033541230074360514
10.4	0.003349105605596165
10.41	0.0033440995642041744
10.42	0.0033391048472510326
10.43	0.003334121418875283
10.44	0.003329149243362312
10.450000000000001	0.003324188285143619
10.46	0.003319238508796074
10.47	0.0033142998790411902
10.48	0.0033093723607443932
10.49	0.0033044559189143157
10.5	0.003299550518702061
10.51	0.0032946561254005003
10.52	0.0032897727044435645
10.53	0.0032849002214055375
10.540000000000001	0.003280038642000357
10.55	0.0032751879320809182
10.56	0.003270348057638379
10.57	0.0032655189848014798
10.58	0.0032607006798358513
10.59	0.003255893109143344
10.6	0.0032510962392613397
10.61	0.003246310036862093
10.620000000000001	0.003241534468752051
10.63	0.003236769501871208
10.64	0.0032320151032924215
10.65	0.003227271240220777
10.66	0.003222537879992918
10.67	0.0032178149900764183
10.68	0.003213102538069118
10.69	0.0032084004916984907
10.700000000000001	0.003203708818821008
10.71	0.0031990274874215065
10.72	0.0031943564656125504
10.73	0.0031896957216338145
10.74	0.0031850452238514583
10.75	0.003180404940757505
10.76	0.0031757748409692315
10.77	0.0031711548932285513
10.78	0.003166545066401409
10.790000000000001	0.0031619453294771762
10.8	0.003157355651568048
10.81	0.0031527760019084516
10.82	0.003148206349854442
10.83	0.0031436466648831203
10.84	0.003139096916592046
10.85	0.0031345570746986427
10.86	0.0031300271090396303
10.870000000000001	0.0031255069895704435
10.88	0.0031209966863646526
10.89	0.0031164961696134004
10.9	0.0031120054096248303
10.91	0.0031075243768235237
10.92	0.0031030530417499357
10.93	0.0030985913750598507
10.94	0.003094139347523806
10.950000000000001	0.003089696930026559
10.96	0.003085264093566528
10.97	0.0030808408092552566
10.98	0.003076427048316866
10.99	0.00307202278208751
11.	0.0030676279820148525
11.01	0.003063242619657527
11.02	0.003058866666684607
11.03	0.0030545000948750804
11.040000000000001	0.003050142876117326
11.05	0.0030457949824085895
11.06	0.003041456385854473
11.07	0.003037127058668413
11.08	0.0030328069731711694
11.09	0.0030284961017903187
11.1	0.0030241944170597487
11.11	0.0030199018916191515
11.120000000000001	0.0030156184982135224
11.13	0.003011344209692667
11.14	0.0030070789990107047
11.15	0.0030028228392255676
11.16	0.002998575703498527
11.17	0.0029943375650936933
11.18	0.0029901083973775376
11.19	0.0029858881738184127
11.200000000000001	0.002981676867986063
11.21	0.0029774744535511714
11.22	0.0029732809042848536
11.23	0.0029690961940582196
11.24	0.0029649202968418864
11.25	0.0029607531867055135
11.26	0.0029565948378173484
11.27	0.00295244522444376
11.28	0.002948304320948786
11.290000000000001	0.0029441721017936674
11.3	0.0029400485415364123
11.31	0.002935933614831327
11.32	0.0029318272964285828
11.33	0.002927729561173761
11.34	0.002923640384007418
11.35	0.0029195597399646403
11.36	0.0029154876041746084
11.370000000000001	0.0029114239518601573
11.38	0.0029073687583373495
11.39	0.0029033219990150408
11.4	0.002899283649394451
11.41	0.00289525368506874
11.42	0.0028912320817225837
11.43	0.0028872188151317485
11.44	0.002883213861162679
11.450000000000001	0.00287921719577208
11.46	0.002875228795006496
11.47	0.002871248635001904
11.48	0.002867276691983303
11.49	0.002863312942264305
11.5	0.002859357362246727
11.51	0.002855409928420196
11.52	0.0028514706173617377
11.53	0.0028475394057353815
11.540000000000001	0.002843616270291772
11.55	0.002839701187867754
11.56	0.0028357941353860036
11.57	0.0028318950898546203
11.58	0.002828004028366744
11.59	0.0028241209281001742
11.6	0.002820245766316976
11.61	0.002816378520363107
11.620000000000001	0.002812519167668031
11.63	0.0028086676857443454
11.64	0.0028048240521873985
11.65	0.00280098824467492
11.66	0.0027971602409666498
11.67	0.002793340018903965
11.68	0.002789527556409514
11.69	0.0027857228314868464
11.700000000000001	0.0027819258222200587
11.71	0.0027781365067734236
11.72	0.002774354863391028
11.73	0.0027705808703964237
11.74	0.002766814506192263
11.75	0.002763055749259948
11.76	0.0027593045781592793
11.77	0.0027555609715280995
11.78	0.002751824908081952
11.790000000000001	0.0027480963666137257
11.8	0.0027443753259933194
11.81	0.002740661765167291
11.82	0.002736955663158518
11.83	0.0027332569990658573
11.84	0.00272956575206381
11.85	0.002725881901402181
11.86	0.0027222054264057515
11.870000000000001	0.0027185363064739345
11.88	0.0027148745210804595
11.89	0.002711220049773029
11.9	0.0027075728721730006
11.91	0.002703932967975058
11.92	0.0027003003169468838
11.93	0.0026966748989288446
11.94	0.0026930566938336642
11.950000000000001	0.002689445681646107
11.96	0.0026858418424226607
11.97	0.002682245156291223
11.98	0.0026786556034507814
11.99	0.0026750731641711077
12.	0.0026714978187924424
12.01	0.0026679295477251884
12.02	0.002664368331449605
12.03	0.0026608141505154977
12.040000000000001	0.002657266985541917
12.05	0.002653726817216853
12.06	0.0026501936262969413
12.07	0.002646667393607153
12.08	0.002643148100040506
12.09	0.002639635726557761
12.1	0.002636130254187133
12.11	0.0026326316640239954
12.120000000000001	0.002629139937230586
12.13	0.002625655055035719
12.14	0.0026221769987344982
12.15	0.002618705749688024
12.16	0.0026152412893231114
12.17	0.002611783599132004
12.18	0.002608332660672095
12.19	0.002604888455565638
12.200000000000001	0.002601450965499472
12.21	0.002598020172224746
12.22	0.0025945960575566346
12.23	0.0025911786033740642
12.24	0.0025877677916194435
12.25	0.0025843636042983844
12.26	0.0025809660234794333
12.27	0.0025775750312938004
12.28	0.0025741906099350895
12.290000000000001	0.0025708127416590345
12.3	0.002567441408783229
12.31	0.0025640765936868616
12.32	0.002560718278810459
12.33	0.0025573664466556146
12.34	0.0025540210797847336
12.35	0.0025506821608207715
12.36	0.0025473496724469774
12.370000000000001	0.002544023597406634
12.38	0.002540703918502809
12.39	0.0025373906185980934
12.4	0.0025340836806143486
12.41	0.0025307830875324648
12.42	0.002527488822392096
12.43	0.002524200868291424
12.44	0.002520919208386899
12.450000000000001	0.002517643825893006
12.46	0.002514374704082003
12.47	0.0025111118262836946
12.48	0.002507855175885174
12.49	0.002504604736330593
12.5	0.0025013604911209115
12.51	0.0024981224238136653
12.52	0.0024948905180227237
12.53	0.002491664757418056
12.540000000000001	0.0024884451257254927
12.55	0.0024852316067264938
12.56	0.0024820241842579143
12.57	0.002478822842211766
12.58	0.0024756275645349984
12.59	0.002472438335229262
12.6	0.0024692551383506756
12.61	0.002466077958009603
12.620000000000001	0.00246290677837043
12.63	0.0024597415836513353
12.64	0.0024565823581240613
12.65	0.0024534290861136995
12.66	0.002450281751998462
12.67	0.002447140340209468
12.68	0.002444004835230514
12.69	0.002440875221597863
12.700000000000001	0.0024377514839000196
12.71	0.002434633606777523
12.72	0.002431521574922725
12.73	0.002428415373079572
12.74	0.0024253149860433984
12.75	0.0024222203986607135
12.76	0.0024191315958289857
12.77	0.0024160485624964353
12.78	0.0024129712836618257
12.790000000000001	0.0024098997443742515
12.8	0.0024068339297329366
12.81	0.0024037738248870225
12.82	0.0024007194150353667
12.83	0.0023976706854263352
12.84	0.0023946276213576046
12.85	0.0023915902081759555
12.86	0.00238855843127707
12.870000000000001	0.0023855322761053327
12.88	0.0023825117281536376
12.89	0.002379496772963178
12.9	0.00237648739612326
12.91	0.0023734835832711
12.92	0.0023704853200916275
12.93	0.0023674925923172978
12.94	0.0023645053857278935
12.950000000000001	0.0023615236861503305
12.96	0.002358547479458471
12.97	0.002355576751572925
12.98	0.0023526114884608713
12.99	0.002349651676135858
13.	0.0023466973006576203
13.01	0.002343748348131894
13.02	0.0023408048047102244
13.030000000000001	0.0023378666565897844
13.040000000000001	0.00233493389001319
13.05	0.002332006491268314
13.06	0.0023290844466881066
13.07	0.0023261677426504143
13.08	0.0023232563655777917
13.09	0.0023203503019373294
13.1	0.002317449538240473
13.11	0.002314554061042842
13.120000000000001	0.002311663856944054
13.13	0.0023087789125875464
13.14	0.002305899214660401
13.15	0.002303024749893175
13.16	0.0023001555050597166
13.17	0.002297291466976999
13.18	0.002294432622504943
13.19	0.002291578958546251
13.200000000000001	0.0022887304620462295
13.21	0.0022858871199926264
13.22	0.0022830489194154537
13.23	0.0022802158473868256
13.24	0.002277387891020786
13.25	0.002274565037473144
13.26	0.00227174727394131
13.27	0.0022689345876641255
13.280000000000001	0.0022661269659217005
13.290000000000001	0.0022633243960352542
13.3	0.0022605268653669414
13.31	0.0022577343613197024
13.32	0.002254946871337093
13.33	0.002252164382903127
13.34	0.002249386883542118
13.35	0.002246614360818511
13.36	0.0022438468023367433
13.370000000000001	0.002241084195741064
13.38	0.0022383265287153906
13.39	0.002235573788983152
13.4	0.002232825964307126
13.41	0.0022300830424892945
13.42	0.002227345011370678
13.43	0.0022246118588311924
13.44	0.0022218835727894916
13.450000000000001	0.002219160141202817
13.46	0.0022164415520668427
13.47	0.0022137277934155286
13.48	0.002211018853320971
13.49	0.0022083147198932516
13.5	0.0022056153812802875
13.51	0.002202920825667689
13.52	0.002200231041278606
13.530000000000001	0.0021975460163735864
13.540000000000001	0.0021948657392504307
13.55	0.002192190198244038
13.56	0.0021895193817262778
13.57	0.002186853278105828
13.58	0.002184191875828049
13.59	0.0021815351633748263
13.6	0.00217888312926444
13.61	0.0021762357620514166
13.620000000000001	0.0021735930503263964
13.63	0.0021709549827159847
13.64	0.0021683215478826147
13.65	0.002165692734524415
13.66	0.0021630685313750674
13.67	0.002160448927203667
13.68	0.0021578339108145926
13.69	0.002155223471047362
13.700000000000001	0.0021526175967765035
13.71	0.0021500162769114224
13.72	0.00214741950039626
13.73	0.0021448272562097632
13.74	0.0021422395333651513
13.75	0.0021396563209099884
13.76	0.0021370776079260422
13.77	0.0021345033835291627
13.780000000000001	0.002131933636869146
13.790000000000001	0.002129368357129605
13.8	0.0021268075335278414
13.81	0.0021242511553147166
13.82	0.002121699211774524
13.83	0.0021191516922248583
13.84	0.002116608586016493
13.85	0.00211406988253325
13.86	0.002111535571191878
13.870000000000001	0.0021090056414419254
13.88	0.002106480082765612
13.89	0.002103958884677711
13.9	0.0021014420367254194
13.91	0.0020989295284882404
13.92	0.0020964213495778578
13.93	0.002093917489638013
13.94	0.002091417938344389
13.950000000000001	0.0020889226854044806
13.96	0.0020864317205574845
13.97	0.002083945033574172
13.98	0.0020814626142567727
13.99	0.0020789844524388536
14.	0.0020765105379852056
14.01	0.002074040860791721
14.02	0.002071575410785278
14.030000000000001	0.0020691141779236267
14.040000000000001	0.0020666571521952676
14.05	0.0020642043236193414
14.06	0.002061755682245512
14.07	0.0020593112181538516
14.08	0.0020568709214547243
14.09	0.0020544347822886782
14.1	0.0020520027908263305
14.11	0.0020495749372682484
14.120000000000001	0.0020471512118448477
14.13	0.0020447316048162745
14.14	0.0020423161064722964
14.15	0.0020399047071321904
14.16	0.002037497397144635
14.17	0.002035094166887599
14.18	0.0020326950067682333
14.19	0.002030299907222762
14.200000000000001	0.0020279088587163738
14.21	0.002025521851743117
14.22	0.0020231388768257885
14.23	0.0020207599245158285
14.24	0.002018384985393217
14.25	0.002016014050066365
14.26	0.0020136471091720095
14.27	0.002011284153375108
14.280000000000001	0.0020089251733687377
14.290000000000001	0.0020065701598739882
14.3	0.002004219103639861
14.31	0.0020018719954431603
14.32	0.001999528826088401
14.33	0.0019971895864076957
14.34	0.001994854267260659
14.35	0.0019925228595343053
14.36	0.0019901953541429486
14.370000000000001	0.0019878717420281013
14.38	0.0019855520141583752
14.39	0.001983236161529379
14.4	0.001980924175163622
14.41	0.0019786160461104183
14.42	0.001976311765445784
14.43	0.0019740113242723394
14.44	0.0019717147137192133
14.450000000000001	0.0019694219249419493
14.46	0.001967132949122403
14.47	0.0019648477774686507
14.48	0.0019625664012148914
14.49	0.001960288811621354
14.5	0.001958014999974198
14.51	0.0019557449575854247
14.52	0.001953478675792781
14.530000000000001	0.0019512161459596606
14.540000000000001	0.001948957359475021
14.55	0.001946702307753284
14.56	0.0019444509822342416
14.57	0.0019422033743829706
14.58	0.001939959475689736
14.59	0.001937719277669902
14.6	0.00193548277186384
14.61	0.001933249949836837
14.620000000000001	0.00193102080317901
14.63	0.0019287953235052127
14.64	0.0019265735024549472
14.65	0.0019243553316922741
14.66	0.0019221408029057253
14.67	0.0019199299078082178
14.68	0.001917722638136962
14.69	0.0019155189856533766
14.700000000000001	0.0019133189421429982
14.71	0.0019111224994154022
14.72	0.0019089296493041104
14.73	0.0019067403836665051
14.74	0.0019045546943837464
14.75	0.0019023725733606862
14.76	0.0019001940125257827
14.77	0.0018980190038310168
14.780000000000001	0.0018958475392518049
14.790000000000001	0.0018936796107869218
14.8	0.0018915152104584097
14.81	0.0018893543303115014
14.82	0.0018871969624145338
14.83	0.0018850430988588665
14.84	0.001882892731758803
14.85	0.0018807458532515027
14.86	0.0018786024554969044
14.870000000000001	0.0018764625306776457
14.88	0.0018743260709989781
14.89	0.0018721930686886928
14.9	0.0018700635159970347
14.91	0.001867937405196627
14.92	0.0018658147285823897
14.93	0.0018636954784714652
14.94	0.001861579647203131
14.950000000000001	0.0018594672271387282
14.96	0.0018573582106615849
14.97	0.0018552525901769322
14.98	0.0018531503581118319
14.99	0.0018510515069150967
15.	0.001848956029057217
15.01	0.0018468639170302818
15.02	0.0018447751633479039
15.030000000000001	0.001842689760545141
15.040000000000001	0.001840607701178427
15.05	0.00183852897782549
15.06	0.0018364535830852839
15.07	0.0018343815095779063
15.08	0.0018323127499445327
15.09	0.0018302472968473374
15.1	0.0018281851429694219
15.11	0.0018261262810147397
15.120000000000001	0.0018240707037080264
15.13	0.0018220184037947267
15.14	0.0018199693740409172
15.15	0.001817923607233245
15.16	0.001815881096178842
15.17	0.001813841833705264
15.18	0.0018118058126604184
15.19	0.001809773025912489
15.200000000000001	0.001807743466349868
15.21	0.0018057171268810856
15.22	0.0018036940004347451
15.23	0.0018016740799594387
15.24	0.0017996573584236958
15.25	0.001797643828815903
15.26	0.001795633484144239
15.27	0.0017936263174366048
15.280000000000001	0.0017916223217405557
15.290000000000001	0.0017896214901232358
15.3	0.0017876238156713032
15.31	0.0017856292914908759
15.32	0.0017836379107074474
15.33	0.0017816496664658356
15.34	0.0017796645519301045
15.35	0.0017776825602835082
15.36	0.0017757036847284148
15.370000000000001	0.0017737279184862472
15.38	0.001771755254797418
15.39	0.0017697856869212604
15.4	0.0017678192081359615
15.41	0.0017658558117385082
15.42	0.0017638954910446103
15.43	0.001761938239388643
15.44	0.0017599840501235837
15.450000000000001	0.0017580329166209442
15.46	0.00175608483227071
15.47	0.0017541397904812755
15.48	0.0017521977846793877
15.49	0.0017502588083100695
15.5	0.0017483228548365742
15.51	0.0017463899177403092
15.52	0.001744459990520784
15.530000000000001	0.0017425330666955424
15.540000000000001	0.0017406091398001068
15.55	0.001738688203387909
15.56	0.0017367702510302373
15.57	0.001734855276316173
15.58	0.001732943272852529
15.59	0.001731034234263787
15.6	0.001729128154192048
15.61	0.0017272250262969579
15.620000000000001	0.001725324844255661
15.63	0.001723427601762737
15.64	0.0017215332925301333
15.65	0.001719641910287122
15.66	0.0017177534487802276
15.67	0.0017158679017731755
15.68	0.001713985263046835
15.69	0.0017121055263991565
15.700000000000001	0.0017102286856451167
15.71	0.0017083547346166668
15.72	0.001706483667162663
15.73	0.0017046154771488196
15.74	0.0017027501584576503
15.75	0.0017008877049884098
15.76	0.0016990281106570389
15.77	0.0016971713693961065
15.780000000000001	0.0016953174751547604
15.790000000000001	0.001693466421898663
15.8	0.0016916182036099425
15.81	0.0016897728142871327
15.82	0.001687930247945126
15.83	0.0016860904986151087
15.84	0.0016842535603445144
15.85	0.001682419427196964
15.86	0.0016805880932522193
15.870000000000001	0.0016787595526061205
15.88	0.0016769337993705396
15.89	0.0016751108276733234
15.9	0.0016732906316582403
15.91	0.0016714732054849285
15.92	0.0016696585433288434
15.93	0.0016678466393812061
15.94	0.0016660374878489474
15.950000000000001	0.0016642310829546583
15.96	0.0016624274189365406
15.97	0.0016606264900483486
15.98	0.0016588282905593446
15.99	0.0016570328147542425
16.	0.0016552400569331586
16.009999999999998	0.0016534500114115632
16.02	0.0016516626725202243
16.03	0.0016498780346051627
16.04	0.0016480960920275988
16.05	0.001646316839163901
16.060000000000002	0.0016445402704055414
16.07	0.0016427663801590398
16.08	0.0016409951628459185
16.09	0.001639226612902649
16.1	0.0016374607247806078
16.11	0.0016356974929460273
16.12	0.0016339369118799356
16.130000000000003	0.001632178976078128
16.14	0.0016304236800511
16.15	0.0016286710183240124
16.16	0.0016269209854366292
16.17	0.001625173575943291
16.18	0.0016234287844128432
16.189999999999998	0.0016216866054286048
16.200000000000003	0.0016199470335883164
16.21	0.0016182100635040947
16.22	0.0016164756898023817
16.23	0.0016147439071238986
16.240000000000002	0.0016130147101236056
16.25	0.001611288093470648
16.259999999999998	0.001609564051848315
16.27	0.0016078425799539878
16.28	0.0016061236724991019
16.29	0.001604407324209098
16.3	0.001602693529823371
16.310000000000002	0.0016009822840952332
16.32	0.001599273581791865
16.33	0.0015975674176942707
16.34	0.0015958637865972304
16.35	0.0015941626833092628
16.36	0.0015924641026525768
16.37	0.0015907680394630233
16.380000000000003	0.001589074488590057
16.39	0.0015873834448966889
16.4	0.0015856949032594487
16.41	0.001584008858568327
16.42	0.001582325305726753
16.43	0.0015806442396515306
16.439999999999998	0.0015789656552728086
16.450000000000003	0.001577289547534032
16.46	0.0015756159113919025
16.47	0.001573944741816333
16.48	0.0015722760337904046
16.490000000000002	0.0015706097823103306
16.5	0.0015689459823854056
16.509999999999998	0.0015672846290379708
16.52	0.0015656257173033666
16.53	0.001563969242229895
16.54	0.0015623151988787805
16.55	0.0015606635823241179
16.560000000000002	0.0015590143876528428
16.57	0.0015573676099646856
16.58	0.0015557232443721325
16.59	0.0015540812860003787
16.6	0.0015524417299872986
16.61	0.0015508045714833954
16.62	0.0015491698056517666
16.630000000000003	0.0015475374276680627
16.64	0.0015459074327204456
16.65	0.001544279816009552
16.66	0.0015426545727484481
16.67	0.0015410316981625987
16.68	0.0015394111874898202
16.689999999999998	0.0015377930359802448
16.700000000000003	0.001536177238896278
16.71	0.00153456379151257
16.72	0.001532952689115965
16.73	0.0015313439270054643
16.740000000000002	0.0015297375004921965
16.75	0.0015281334048993704
16.759999999999998	0.0015265316355622404
16.77	0.0015249321878280672
16.78	0.0015233350570560832
16.79	0.0015217402386174495
16.8	0.001520147727895222
16.810000000000002	0.0015185575202843159
16.82	0.0015169696111914592
16.83	0.0015153839960351685
16.84	0.0015138006702457008
16.85	0.001512219629265024
16.86	0.0015106408685467742
16.87	0.0015090643835562253
16.880000000000003	0.0015074901697702473
16.89	0.001505918222677273
16.9	0.0015043485377772615
16.91	0.001502781110581657
16.92	0.0015012159366133634
16.93	0.001499653011406699
16.939999999999998	0.001498092330507365
16.950000000000003	0.0014965338894724059
16.96	0.0014949776838701823
16.97	0.0014934237092803294
16.98	0.0014918719612937198
16.990000000000002	0.0014903224355124344
17.	0.0014887751275497252
17.01	0.0014872300330299783
17.02	0.0014856871475886822
17.03	0.0014841464668723932
17.04	0.0014826079865386953
17.05	0.0014810717022561773
17.06	0.001479537609704388
17.07	0.0014780057045738063
17.080000000000002	0.0014764759825658081
17.09	0.0014749484393926312
17.1	0.0014734230707773438
17.11	0.001471899872453805
17.12	0.0014703788401666416
17.13	0.001468859969671203
17.14	0.0014673432567335382
17.15	0.0014658286971303588
17.16	0.0014643162866490014
17.17	0.001462806021087404
17.18	0.0014612978962540658
17.19	0.0014597919079680204
17.2	0.0014582880520587962
17.21	0.001456786324366392
17.22	0.0014552867207412396
17.23	0.0014537892370441725
17.240000000000002	0.0014522938691463982
17.25	0.0014508006129294593
17.26	0.001449309464285207
17.27	0.0014478204191157662
17.28	0.0014463334733335088
17.29	0.001444848622861016
17.3	0.0014433658636310524
17.31	0.001441885191586532
17.32	0.0014404066026804864
17.330000000000002	0.00143893009287604
17.34	0.0014374556581463684
17.35	0.0014359832944746775
17.36	0.0014345129978541693
17.37	0.0014330447642880093
17.38	0.0014315785897892996
17.39	0.0014301144703810478
17.4	0.0014286524020961345
17.41	0.001427192380977286
17.42	0.0014257344030770447
17.43	0.0014242784644577366
17.44	0.001422824561191442
17.45	0.0014213726893599682
17.46	0.001419922845054819
17.47	0.0014184750243771637
17.48	0.001417029223437809
17.490000000000002	0.0014155854383571722
17.5	0.0014141436652652477
17.51	0.00141270390030158
17.52	0.0014112661396152347
17.53	0.0014098303793647724
17.54	0.0014083966157182146
17.55	0.0014069648448530206
17.56	0.0014055350629560545
17.57	0.0014041072662235596
17.580000000000002	0.0014026814508611301
17.59	0.001401257613083682
17.6	0.0013998357491154247
17.61	0.0013984158551898346
17.62	0.0013969979275496253
17.63	0.0013955819624467214
17.64	0.001394167956142231
17.65	0.0013927559049064146
17.66	0.0013913458050186637
17.67	0.00138993765276747
17.68	0.0013885314444503965
17.69	0.001387127176374053
17.7	0.0013857248448540679
17.71	0.0013843244462150614
17.72	0.0013829259767906194
17.73	0.0013815294329232656
17.740000000000002	0.0013801348109644348
17.75	0.0013787421072744483
17.76	0.001377351318222484
17.77	0.001375962440186552
17.78	0.0013745754695534697
17.79	0.0013731904027188319
17.8	0.001371807236086988
17.81	0.0013704259660710135
17.82	0.0013690465890926866
17.830000000000002	0.0013676691015824605
17.84	0.0013662934999794376
17.85	0.0013649197807313461
17.86	0.00136354794029451
17.87	0.0013621779751338272
17.88	0.0013608098817227447
17.89	0.0013594436565432296
17.9	0.0013580792960857465
17.91	0.0013567167968492337
17.92	0.001355356155341073
17.93	0.0013539973680770704
17.94	0.00135264043158143
17.95	0.0013512853423867245
17.96	0.0013499320970338767
17.97	0.0013485806920721303
17.98	0.0013472311240590306
17.990000000000002	0.001345883389560393
18.	0.0013445374851502843
18.01	0.001343193407410997
18.02	0.0013418511529330237
18.03	0.0013405107183150345
18.04	0.0013391721001638512
18.05	0.0013378352950944264
18.06	0.0013365002997298172
18.07	0.0013351671107011604
18.080000000000002	0.0013338357246476527
18.09	0.0013325061382165248
18.1	0.0013311783480630158
18.11	0.001329852350850354
18.12	0.0013285281432497307
18.13	0.0013272057219402774
18.14	0.0013258850836090433
18.150000000000002	0.001324566224950971
18.16	0.0013232491426688755
18.17	0.0013219338334734178
18.18	0.0013206202940830864
18.19	0.0013193085212241714
18.2	0.0013179985116307427
18.21	0.001316690262044626
18.22	0.0013153837692153826
18.23	0.0013140790299002872
18.240000000000002	0.0013127760408643007
18.25	0.0013114747988800556
18.26	0.0013101753007278248
18.27	0.0013088775431955078
18.28	0.001307581523078603
18.29	0.0013062872371801871
18.3	0.0013049946823108954
18.31	0.001303703855288895
18.32	0.0013024147529398706
18.330000000000002	0.0013011273720969932
18.34	0.001299841709600908
18.35	0.0012985577622997041
18.36	0.0012972755270489003
18.37	0.0012959950007114202
18.38	0.0012947161801575692
18.39	0.001293439062265018
18.400000000000002	0.0012921636439187747
18.41	0.0012908899220111728
18.42	0.0012896178934418403
18.43	0.0012883475551176869
18.44	0.0012870789039528755
18.45	0.0012858119368688089
18.46	0.001284546650794103
18.47	0.0012832830426645705
18.48	0.0012820211094231968
18.490000000000002	0.0012807608480201206
18.5	0.0012795022554126173
18.51	0.0012782453285650687
18.52	0.0012769900644489553
18.53	0.0012757364600428241
18.54	0.0012744845123322784
18.55	0.001273234218309951
18.56	0.001271985574975486
18.57	0.0012707385793355192
18.580000000000002	0.0012694932284036593
18.59	0.0012682495192004655
18.6	0.0012670074487534271
18.61	0.00126576701409695
18.62	0.0012645282122723286
18.63	0.001263291040327733
18.64	0.0012620554953181832
18.650000000000002	0.0012608215743055344
18.66	0.0012595892743584595
18.67	0.0012583585925524208
18.68	0.0012571295259696602
18.69	0.0012559020716991743
18.7	0.0012546762268366984
18.71	0.0012534519884846856
18.72	0.001252229353752286
18.73	0.0012510083197553336
18.740000000000002	0.0012497888836163207
18.75	0.0012485710424643848
18.76	0.0012473547934352838
18.77	0.0012461401336713845
18.78	0.0012449270603216351
18.79	0.0012437155705415576
18.8	0.0012425056614932184
18.81	0.001241297330345216
18.82	0.0012400905742726612
18.830000000000002	0.0012388853904571604
18.84	0.0012376817760867947
18.85	0.0012364797283561013
18.86	0.0012352792444660587
18.87	0.001234080321624065
18.88	0.0012328829570439233
18.89	0.0012316871479458216
18.900000000000002	0.0012304928915563128
18.91	0.0012293001851083033
18.92	0.0012281090258410266
18.93	0.001226919411000035
18.94	0.0012257313378371717
18.95	0.0012245448036105645
18.96	0.0012233598055845967
18.97	0.0012221763410298978
18.98	0.0012209944072233243
18.990000000000002	0.001219814001447938
19.	0.0012186351209929976
19.01	0.0012174577631539289
19.02	0.0012162819252323214
19.03	0.0012151076045358975
19.04	0.0012139347983785096
19.05	0.001212763504080109
19.06	0.001211593718966739
19.07	0.0012104254403705152
19.080000000000002	0.0012092586656296052
19.09	0.0012080933920882177
19.1	0.0012069296170965785
19.11	0.0012057673380109213
19.12	0.0012046065521934663
19.13	0.0012034472570124062
19.14	0.0012022894498418843
19.150000000000002	0.0012011331280619864
19.16	0.0011999782890587197
19.17	0.0011988249302239927
19.18	0.0011976730489556076
19.19	0.0011965226426572354
19.2	0.0011953737087384072
19.21	0.0011942262446144897
19.22	0.0011930802477066794
19.23	0.0011919357154419766
19.240000000000002	0.001190792645253175
19.25	0.0011896510345788453
19.26	0.001188510880863316
19.27	0.001187372181556663
19.28	0.001186234934114688
19.29	0.0011850991359989079
19.3	0.0011839647846765325
19.31	0.0011828318776204595
19.32	0.0011817004123092474
19.330000000000002	0.001180570386227105
19.34	0.0011794417968638792
19.35	0.0011783146417150318
19.36	0.0011771889182816324
19.37	0.0011760646240703372
19.38	0.001174941756593377
19.39	0.0011738203133685376
19.400000000000002	0.00117270029191915
19.41	0.0011715816897740735
19.42	0.0011704645044676779
19.43	0.0011693487335398313
19.44	0.0011682343745358847
19.45	0.001167121425006656
19.46	0.0011660098825084155
19.47	0.001164899744602873
19.48	0.0011637910088571574
19.490000000000002	0.00116268367284381
19.5	0.0011615777341407638
19.51	0.0011604731903313294
19.52	0.001159370039004184
19.53	0.001158268277753351
19.54	0.0011571679041781928
19.55	0.0011560689158833886
19.56	0.0011549713104789272
19.57	0.0011538750855800857
19.580000000000002	0.0011527802388074215
19.59	0.001151686767786754
19.6	0.0011505946701491489
19.61	0.0011495039435309117
19.62	0.001148414585573564
19.63	0.0011473265939238358
19.64	0.0011462399662336485
19.650000000000002	0.0011451547001601024
19.66	0.0011440707933654628
19.67	0.0011429882435171417
19.68	0.0011419070482876935
19.69	0.0011408272053547886
19.7	0.0011397487124012128
19.71	0.0011386715671148396
19.72	0.0011375957671886313
19.73	0.0011365213103206127
19.740000000000002	0.0011354481942138649
19.75	0.0011343764165765084
19.76	0.0011333059751216911
19.77	0.0011322368675675753
19.78	0.001131169091637321
19.79	0.0011301026450590767
19.8	0.0011290375255659623
19.81	0.0011279737308960598
19.82	0.0011269112587923955
19.830000000000002	0.00112585010700293
19.84	0.0011247902732805463
19.85	0.0011237317553830296
19.86	0.001122674551073062
19.87	0.0011216186581182062
19.88	0.0011205640742908926
19.89	0.0011195107973684052
19.900000000000002	0.0011184588251328719
19.91	0.0011174081553712465
19.92	0.0011163587858753015
19.93	0.0011153107144416124
19.94	0.001114263938871542
19.95	0.0011132184569712356
19.96	0.0011121742665515986
19.97	0.0011111313654282929
19.98	0.0011100897514217166
19.990000000000002	0.001109049422356997
20.	0.001108010376063975