1.	-0.7332331667293902
1.01	-0.7275680199638642
1.02	-0.7219905399167662
1.03	-0.7164986783017587
1.04	-0.711090450325858
1.05	-0.7057639322637055
1.06	-0.7005172591405288
1.07	-0.695348622518277
1.08	-0.6902562683797622
1.09	-0.6852384951058803
1.1	-0.6802936515413017
1.11	-0.675420135144221
1.12	-0.6706163902160409
1.13	-0.6658809062070525
1.1400000000000001	-0.6612122160944155
1.15	-0.6566088948289193
1.16	-0.6520695578471998
1.17	-0.647592859646285
1.18	-0.6431774924174642
1.19	-0.6388221847366813
1.2	-0.6345257003087731
1.21	-0.630286836763024
1.22	-0.6261044244976305
1.23	-0.6219773255708116
1.24	-0.6179044326363994
1.25	-0.6138846679218708
1.26	-0.6099169822468772
1.27	-0.6060003540804262
1.28	-0.6021337886349812
1.29	-0.598316316995798
1.3	-0.5945469952839472
1.31	-0.5908249038514992
1.32	-0.5871491465074741
1.33	-0.5835188497731838
1.34	-0.5799331621656967
1.35	-0.57639125350819
1.3599999999999999	-0.5728923142660368
1.37	-0.5694355549075146
1.38	-0.5660202052880879
1.3900000000000001	-0.5626455140572596
1.4	-0.5593107480870345
1.4100000000000001	-0.5560151919210988
1.42	-0.5527581472438255
1.43	-0.5495389323683114
1.44	-0.5463568817426319
1.45	-0.5432113454735787
1.46	-0.5401016888671675
1.47	-0.537027291985221
1.48	-0.5339875492173868
1.49	-0.5309818688679702
1.5	-0.5280096727569771
1.51	-0.5250703958348208
1.52	-0.5221634858101281
1.53	-0.5192884027901528
1.54	-0.5164446189332847
1.55	-0.5136316181131882
1.56	-0.5108488955941295
1.57	-0.508095957717044
1.58	-0.5053723215959439
1.5899999999999999	-0.5026775148242716
1.6	-0.5000110751908142
1.6099999999999999	-0.4973725504048239
1.62	-0.49476149782999945
1.63	-0.4921774842269918
1.6400000000000001	-0.48962008550412256
1.65	-0.48708888647601045
1.6600000000000001	-0.48458348062981416
1.67	-0.48210346989881103
1.6800000000000002	-0.4796484644430496
1.69	-0.4772180824368123
1.7000000000000002	-0.47481194986265257
1.71	-0.4724297003117594
1.72	-0.4700709747904355
1.73	-0.4677354215324582
1.74	-0.4654226958171299
1.75	-0.4631324597928077
1.76	-0.46086438230572385
1.77	-0.4586181387339132
1.78	-0.45639341082606955
1.79	-0.4541898865451639
1.8	-0.45200725991665713
1.81	-0.44984523088115286
1.82	-0.44770350515133905
1.83	-0.44558179407307213
1.8399999999999999	-0.443479814490469
1.85	-0.44139728861486277
1.8599999999999999	-0.43933394389750746
1.87	-0.43728951290589246
1.88	-0.4352637332035584
1.8900000000000001	-0.4332563472332952
1.9	-0.4312671022036107
1.9100000000000001	-0.42929574997836667
1.92	-0.427342046969475
1.9300000000000002	-0.42540575403255904
1.94	-0.4234866363654859
1.9500000000000002	-0.42158446340966904
1.96	-0.41969900875406996
1.97	-0.41783005004179097
1.98	-0.4159773688792009
1.99	-0.41414075074749385
2.	-0.4123199849166195
2.01	-0.4105148643615023
2.02	-0.4087251856804843
2.0300000000000002	-0.40695074901591827
2.04	-0.4051913579768489
2.05	-0.40344681956371653
2.06	-0.4017169440950211
2.0700000000000003	-0.40000154513588876
2.08	-0.3983004394284829
2.09	-0.39661344682420274
2.1	-0.3949403902176191
2.1100000000000003	-0.39328109548209284
2.12	-0.39163539140702647
2.13	-0.3900031096367023
2.14	-0.38838408461065954
2.1500000000000004	-0.38677815350556305
2.16	-0.38518515617852594
2.17	-0.383604935111836
2.1799999999999997	-0.38203733535905327
2.19	-0.3804822044924322
2.2	-0.3789393925516373
2.21	-0.3774087519937075
2.2199999999999998	-0.3758901376442423
2.23	-0.37438340664976666
2.24	-0.3728884184312492
2.25	-0.3714050346387332
2.26	-0.36993311910705906
2.27	-0.36847253781263606
2.2800000000000002	-0.3670231588312463
2.29	-0.36558485229684184
2.3	-0.3641574903613159
2.31	-0.3627409471552153
2.3200000000000003	-0.3613350987493713
2.33	-0.35993982311742584
2.34	-0.3585550000992229
2.35	-0.3571805113650486
2.3600000000000003	-0.3558162403806899
2.37	-0.35446207237329935
2.38	-0.3531178942980336
2.39	-0.35178359480545324
2.4000000000000004	-0.3504590642096612
2.41	-0.34914419445715733
2.42	-0.347838879096397
2.4299999999999997	-0.3465430132480275
2.44	-0.34525649357579064
2.45	-0.34397921825807093
2.46	-0.34271108696007413
2.4699999999999998	-0.34145200080661825
2.48	-0.3402018623555246
2.49	-0.3389605755715889
2.5	-0.33772804580112153
2.51	-0.3365041797470396
2.52	-0.33528888544450103
2.5300000000000002	-0.33408207223706093
2.54	-0.33288365075334136
2.55	-0.3316935328842028
2.56	-0.33051163176039866
2.5700000000000003	-0.3293378617307093
2.58	-0.3281721383405352
2.59	-0.32701437831094465
2.6	-0.32586449951815943
2.6100000000000003	-0.3247224209734745
2.62	-0.3235880628035917
2.63	-0.3224613462313673
2.64	-0.3213421935569555
2.6500000000000004	-0.3202305281393429
2.66	-0.3191262743782635
2.67	-0.31802935769648355
2.6799999999999997	-0.3169397045224493
2.69	-0.3158572422732879
2.7	-0.31478189933815387
2.71	-0.3137136050619119
2.7199999999999998	-0.3126522897291501
2.73	-0.3115978845485117
2.74	-0.3105503216373434
2.75	-0.3095095340066491
2.76	-0.3084754555463414
2.77	-0.3074480210107883
2.7800000000000002	-0.30642716600464276
2.79	-0.3054128269689534
2.8	-0.30440494116754574
2.81	-0.3034034466736717
2.8200000000000003	-0.3024082823569187
2.83	-0.30141938787037176
2.84	-0.30043670363802594
2.85	-0.29946017084244214
2.8600000000000003	-0.29848973141263785
2.87	-0.29752532801221265
2.88	-0.29656690402769914
2.89	-0.29561440355713675
2.9000000000000004	-0.294667771398862
2.91	-0.2937269530405108
2.92	-0.2927918946482289
2.9299999999999997	-0.29186254305608406
2.94	-0.29093884575567885
2.95	-0.2900207508859547
2.96	-0.28910820722318875
2.9699999999999998	-0.28820116417117375
2.98	-0.2872995717515821
2.99	-0.28640338059450626
3.	-0.2855125419291737
3.0100000000000002	-0.28462700757483117
3.02	-0.2837467299317982
3.0300000000000002	-0.2828716619726796
3.04	-0.2820017572337416
3.05	-0.28113696980644154
3.06	-0.2802772543291115
3.07	-0.2794225659787916
3.08	-0.2785728604632089
3.09	-0.27772809401290277
3.1	-0.2768882233734856
3.11	-0.2760532057980466
3.12	-0.27522299903968567
3.13	-0.2743975613441835
3.14	-0.2735768514427965
3.15	-0.2727608285451812
3.16	-0.2719494523324427
3.17	-0.27114268295030214
3.18	-0.27034048100238567
3.19	-0.26954280754362836
3.2	-0.2687496240737931
3.21	-0.26796089253110084
3.22	-0.26717657528597116
3.23	-0.26639663513486844
3.24	-0.26562103529425574
3.25	-0.26484973939465084
3.2600000000000002	-0.26408271147478235
3.27	-0.2633199159758459
3.2800000000000002	-0.262561317735858
3.29	-0.26180688198410373
3.3000000000000003	-0.2610565743356784
3.31	-0.26031036078612213
3.32	-0.25956820770614064
3.33	-0.25883008183641787
3.34	-0.2580959502825128
3.35	-0.25736578050984055
3.36	-0.25663954033873776
3.37	-0.2559171979396088
3.38	-0.2551987218281511
3.39	-0.2544840808606588
3.4	-0.25377324422940495
3.41	-0.25306618145809645
3.42	-0.2523628623974046
3.43	-0.25166325722056715
3.44	-0.25096733641906266
3.45	-0.25027507079835226
3.46	-0.24958643147369297
3.47	-0.24890138986601523
3.48	-0.24821991769786905
3.49	-0.2475419869894313
3.5	-0.24686757005458146
3.5100000000000002	-0.24619663949703327
3.52	-0.24552916820653423
3.5300000000000002	-0.24486512935512003
3.54	-0.2442044963934297
3.5500000000000003	-0.24354724304707967
3.56	-0.24289334331309223
3.57	-0.2422427714563819
3.58	-0.24159550200629448
3.59	-0.24095150975320279
3.6	-0.2403107697451509
3.61	-0.23967325728455374
3.62	-0.23903894792494695
3.63	-0.23840781746778453
3.64	-0.23777984195928756
3.65	-0.23715499768734138
3.66	-0.2365332611784376
3.67	-0.23591460919466578
3.68	-0.23529901873074838
3.69	-0.23468646701112128
3.7	-0.23407693148705838
3.71	-0.23347038983383983
3.72	-0.2328668199479621
3.73	-0.23226619994438988
3.74	-0.23166850815384987
3.75	-0.23107372312016347
3.7600000000000002	-0.23048182359762034
3.77	-0.22989278854839043
3.7800000000000002	-0.22930659713997364
3.79	-0.22872322874268844
3.8000000000000003	-0.2281426629271959
3.81	-0.22756487946206164
3.82	-0.22698985831135124
3.83	-0.22641757963226405
3.84	-0.2258480237727974
3.85	-0.22528117126944816
3.86	-0.22471700284494603
3.87	-0.22415549940601998
3.88	-0.22359664204119592
3.89	-0.2230404120186278
3.9	-0.22248679078395864
3.91	-0.2219357599582121
3.92	-0.22138730133571516
3.93	-0.22084139688204846
3.94	-0.22029802873202872
3.95	-0.2197571791877166
3.96	-0.21921883071645482
3.97	-0.2186829659489332
3.98	-0.21814956767728097
3.99	-0.217618618853186
4.	-0.21709010258604025
4.01	-0.21656400214111093
4.02	-0.2160403009377379
4.03	-0.21551898254755492
4.04	-0.21500003069273724
4.050000000000001	-0.2144834292442714
4.0600000000000005	-0.21396916222025086
4.07	-0.21345721378419347
4.08	-0.2129475682433836
4.09	-0.21244021004723587
4.1	-0.21193512378568108
4.109999999999999	-0.2114322941875758
4.12	-0.21093170611913167
4.13	-0.21043334458236732
4.140000000000001	-0.2099371947135805
4.15	-0.20944324178184154
4.16	-0.20895147118750634
4.17	-0.2084618684607504
4.18	-0.20797441926012153
4.1899999999999995	-0.20748910937111234
4.2	-0.20700592470475201
4.21	-0.2065248512962171
4.220000000000001	-0.2060458753034595
4.23	-0.2055689830058542
4.24	-0.20509416080286405
4.25	-0.2046213952127224
4.26	-0.20415067287113337
4.27	-0.20368198052998826
4.28	-0.20321530505610028
4.29	-0.2027506334299551
4.300000000000001	-0.20228795274447714
4.3100000000000005	-0.2018272502038126
4.32	-0.20136851312212867
4.33	-0.20091172892242778
4.34	-0.20045688513537718
4.35	-0.20000396939815385
4.359999999999999	-0.19955296945330395
4.37	-0.19910387314761804
4.38	-0.19865666843101945
4.390000000000001	-0.19821134335546717
4.4	-0.19776788607387366
4.41	-0.19732628483903514
4.42	-0.19688652800257628
4.43	-0.19644860401390882
4.4399999999999995	-0.19601250141920196
4.45	-0.19557820886036684
4.46	-0.19514571507405357
4.470000000000001	-0.1947150088906611
4.48	-0.1942860792333587
4.49	-0.1938589151171209
4.5	-0.19343350564777356
4.51	-0.19300984002105248
4.52	-0.1925879075216731
4.53	-0.19216769752241245
4.54	-0.19174919948320215
4.550000000000001	-0.19133240295023243
4.5600000000000005	-0.19091729755506745
4.57	-0.19050387301377214
4.58	-0.19009211912604806
4.59	-0.18968202577438198
4.6	-0.1892735829232035
4.609999999999999	-0.18886678061805323
4.62	-0.1884616089847615
4.63	-0.18805805822863644
4.640000000000001	-0.18765611863366258
4.65	-0.1872557805617092
4.66	-0.18685703445174714
4.67	-0.18645987081907664
4.68	-0.186064280254563
4.6899999999999995	-0.18567025342388302
4.7	-0.1852777810667786
4.71	-0.1848868539963212
4.720000000000001	-0.18449746309818338
4.73	-0.18410959932992074
4.74	-0.18372325372026063
4.75	-0.18333841736840056
4.76	-0.18295508144331463
4.77	-0.18257323718306764
4.78	-0.18219287589413868
4.79	-0.18181398895075046
4.800000000000001	-0.181436567794209
4.8100000000000005	-0.18106060393224885
4.82	-0.1806860889383881
4.83	-0.18031301445128897
4.84	-0.17994137217412687
4.85	-0.17957115387396727
4.859999999999999	-0.17920235138114868
4.87	-0.17883495658867332
4.88	-0.17846896145160498
4.890000000000001	-0.1781043579864737
4.9	-0.17774113827068752
4.91	-0.17737929444195016
4.92	-0.177018818697687
4.93	-0.17665970329447575
4.9399999999999995	-0.17630194054748483
4.95	-0.17594552282991802
4.96	-0.1755904425724656
4.970000000000001	-0.1752366922627606
4.98	-0.1748842644448427
4.99	-0.17453315171862746
5.	-0.17418334673938157
5.01	-0.17383484221720372
5.0200000000000005	-0.17348763091651245
5.03	-0.17314170565553863
5.04	-0.172797059305824
5.05	-0.17245368479172518
5.0600000000000005	-0.17211157508992367
5.07	-0.17177072322894088
5.08	-0.171431122288659
5.09	-0.1710927653998465
5.1	-0.17075564574368932
5.11	-0.17041975655132743
5.12	-0.17008509110339676
5.13	-0.1697516427295747
5.14	-0.1694194048081323
5.15	-0.1690883707654908
5.16	-0.1687585340757828
5.17	-0.16842988826041852
5.18	-0.1681024268876563
5.19	-0.16777614357217852
5.2	-0.1674510319746718
5.21	-0.1671270858014117
5.22	-0.1668042988038516
5.23	-0.1664826647782172
5.24	-0.16616217756510362
5.25	-0.16584283104907893
5.26	-0.1655246191582899
5.2700000000000005	-0.16520753586407327
5.28	-0.16489157518057104
5.29	-0.16457673116434965
5.3	-0.16426299791402307
5.3100000000000005	-0.16395036956988054
5.32	-0.16363884031351725
5.33	-0.16332840436747012
5.34	-0.16301905599485675
5.3500000000000005	-0.16271078949901802
5.36	-0.16240359922316533
5.37	-0.1620974795500304
5.38	-0.16179242490152007
5.39	-0.16148842973837343
5.4	-0.16118548855982337
5.41	-0.1608835959032617
5.42	-0.16058274634390707
5.43	-0.16028293449447742
5.44	-0.15998415500486463
5.45	-0.15968640256181377
5.46	-0.15938967188860453
5.47	-0.15909395774473706
5.48	-0.15879925492562014
5.49	-0.15850555826226312
5.5	-0.15821286262097087
5.51	-0.15792116290304153
5.5200000000000005	-0.15763045404446846
5.53	-0.15734073101564394
5.54	-0.15705198882106633
5.55	-0.15676422249905086
5.5600000000000005	-0.15647742712144247
5.57	-0.1561915977933324
5.58	-0.15590672965277663
5.59	-0.1556228178705183
5.6000000000000005	-0.15533985764971234
5.61	-0.15505784422565286
5.62	-0.15477677286550354
5.63	-0.1544966388680304
5.64	-0.15421743756333775
5.65	-0.15393916431260646
5.66	-0.15366181450783484
5.67	-0.15338538357158218
5.68	-0.15310986695671489
5.69	-0.15283526014615537
5.7	-0.15256155865263277
5.71	-0.15228875801843694
5.72	-0.1520168538151744
5.73	-0.1517458416435269
5.74	-0.15147571713301233
5.75	-0.15120647594174771
5.76	-0.15093811375621508
5.7700000000000005	-0.15067062629102954
5.78	-0.1504040092887089
5.79	-0.15013825851944662
5.8	-0.14987336978088622
5.8100000000000005	-0.1496093388978982
5.82	-0.1493461617223593
5.83	-0.14908383413293338
5.84	-0.14882235203485483
5.8500000000000005	-0.14856171135971427
5.86	-0.14830190806524599
5.87	-0.1480429381351172
5.88	-0.14778479757872015
5.89	-0.14752748243096545
5.9	-0.14727098875207772
5.91	-0.14701531262739329
5.92	-0.14676045016715977
5.93	-0.14650639750633723
5.94	-0.14625315080440185
5.95	-0.14600070624515124
5.96	-0.1457490600365111
5.97	-0.1454982084103447
5.98	-0.14524814762226296
5.99	-0.14499887395143804
6.	-0.14475038370041654
6.01	-0.1445026731949362
6.0200000000000005	-0.14425573878374384
6.03	-0.14400957683841453
6.04	-0.1437641837531731
6.05	-0.14351955594471696
6.0600000000000005	-0.14327568985204076
6.07	-0.1430325819362626
6.08	-0.14279022868045196
6.09	-0.14254862658945916
6.1000000000000005	-0.14230777218974622
6.11	-0.14206766202921986
6.12	-0.14182829267706543
6.13	-0.14158966072358298
6.14	-0.14135176278002404
6.15	-0.14111459547843058
6.16	-0.14087815547147584
6.17	-0.14064243943230514
6.18	-0.14040744405437972
6.19	-0.1401731660513212
6.2	-0.13993960215675763
6.21	-0.13970674912417091
6.22	-0.13947460372674583
6.23	-0.13924316275722026
6.24	-0.13901242302773664
6.25	-0.13878238136969542
6.26	-0.13855303463360866
6.2700000000000005	-0.13832437968895633
6.28	-0.138096413424043
6.29	-0.13786913274585597
6.3	-0.13764253457992512
6.3100000000000005	-0.1374166158701835
6.32	-0.13719137357882918
6.33	-0.13696680468618913
6.34	-0.13674290619058332
6.3500000000000005	-0.13651967510819052
6.36	-0.13629710847291543
6.37	-0.1360752033362564
6.38	-0.1358539567671754
6.39	-0.13563336585196809
6.4	-0.13541342769413528
6.41	-0.13519413941425634
6.42	-0.13497549814986243
6.43	-0.13475750105531215
6.44	-0.13454014530166705
6.45	-0.13432342807656952
6.46	-0.13410734658412055
6.47	-0.13389189804475943
6.48	-0.13367707969514425
6.49	-0.13346288878803314
6.5	-0.13324932259216712
6.51	-0.13303637839215343
6.5200000000000005	-0.13282405348835027
6.53	-0.13261234519675238
6.54	-0.13240125084887744
6.55	-0.1321907677916542
6.5600000000000005	-0.1319808933873105
6.57	-0.13177162501326295
6.58	-0.1315629600620076
6.59	-0.1313548959410112
6.6000000000000005	-0.13114743007260357
6.61	-0.13094055989387138
6.62	-0.13073428285655145
6.63	-0.13052859642692685
6.64	-0.1303234980857223
6.65	-0.13011898532800156
6.66	-0.12991505566306497
6.67	-0.12971170661434805
6.68	-0.12950893571932157
6.69	-0.1293067405293912
6.7	-0.12910511860979973
6.71	-0.12890406753952827
6.72	-0.12870358491119963
6.73	-0.1285036683309824
6.74	-0.12830431541849466
6.75	-0.1281055238067104
6.76	-0.12790729114186478
6.7700000000000005	-0.1277096150833618
6.78	-0.1275124933036818
6.79	-0.12731592348828982
6.8	-0.12711990333554524
6.8100000000000005	-0.1269244305566117
6.82	-0.12672950287536788
6.83	-0.12653511802831913
6.84	-0.1263412737645099
6.8500000000000005	-0.12614796784543636
6.86	-0.1259551980449608
6.87	-0.12576296214922575
6.88	-0.12557125795656887
6.89	-0.12538008327743955
6.9	-0.12518943593431486
6.91	-0.12499931376161738
6.92	-0.12480971460563284
6.93	-0.12462063632442863
6.94	-0.12443207678777349
6.95	-0.12424403387705739
6.96	-0.124056505485212
6.97	-0.12386948951663194
6.98	-0.12368298388709707
6.99	-0.12349698652369487
7.	-0.12331149536474345
7.01	-0.12312650835971559
7.0200000000000005	-0.12294202346916318
7.03	-0.12275803866464231
7.04	-0.12257455192863892
7.05	-0.1223915612544949
7.0600000000000005	-0.12220906464633532
7.07	-0.1220270601189955
7.08	-0.12184554569794966
7.09	-0.12166451941923871
7.1000000000000005	-0.12148397932940012
7.11	-0.12130392348539752
7.12	-0.12112434995455107
7.13	-0.12094525681446827
7.140000000000001	-0.1207666421529754
7.15	-0.1205885040680497
7.16	-0.12041084066775176
7.17	-0.12023365007015878
7.18	-0.12005693040329792
7.19	-0.11988067980508071
7.2	-0.1197048964232375
7.21	-0.11952957841525302
7.22	-0.11935472394830172
7.23	-0.11918033119918402
7.24	-0.11900639835426323
7.25	-0.11883292360940267
7.26	-0.11865990516990348
7.2700000000000005	-0.11848734125044244
7.28	-0.1183152300750112
7.29	-0.11814356987685509
7.3	-0.11797235889841307
7.3100000000000005	-0.11780159539125735
7.32	-0.11763127761603462
7.33	-0.11746140384240664
7.34	-0.11729197234899194
7.3500000000000005	-0.1171229814233077
7.36	-0.11695442936171244
7.37	-0.11678631446934837
7.38	-0.11661863506008537
7.390000000000001	-0.11645138945646417
7.4	-0.11628457598964083
7.41	-0.1161181929993314
7.42	-0.11595223883375669
7.43	-0.11578671184958808
7.44	-0.11562161041189326
7.45	-0.11545693289408243
7.46	-0.11529267767785523
7.47	-0.11512884315314784
7.48	-0.11496542771808024
7.49	-0.11480242977890459
7.5	-0.11463984774995314
7.51	-0.11447768005358734
7.5200000000000005	-0.11431592512014666
7.53	-0.11415458138789822
7.54	-0.11399364730298679
7.55	-0.1138331213193848
7.5600000000000005	-0.11367300189884326
7.57	-0.11351328751084255
7.58	-0.11335397663254405
7.59	-0.1131950677487417
7.6000000000000005	-0.11303655935181428
7.61	-0.11287844994167776
7.62	-0.11272073802573813
7.63	-0.11256342211884489
7.640000000000001	-0.11240650074324418
7.65	-0.11224997242853299
7.66	-0.11209383571161334
7.67	-0.11193808913664657
7.68	-0.11178273125500883
7.69	-0.11162776062524579
7.7	-0.11147317581302862
7.71	-0.11131897539110977
7.72	-0.11116515793927889
7.73	-0.11101172204432026
7.74	-0.11085866629996877
7.75	-0.11070598930686758
7.76	-0.11055368967252578
7.7700000000000005	-0.11040176601127577
7.78	-0.11025021694423205
7.79	-0.11009904109924919
7.8	-0.10994823711088049
7.8100000000000005	-0.10979780362033774
7.82	-0.10964773927544998
7.83	-0.10949804273062338
7.84	-0.10934871264680118
7.8500000000000005	-0.10919974769142393
7.86	-0.10905114653839028
7.87	-0.10890290786801735
7.88	-0.10875503036700233
7.890000000000001	-0.10860751272838352
7.9	-0.10846035365150238
7.91	-0.10831355184196499
7.92	-0.10816710601160495
7.93	-0.10802101487844526
7.94	-0.10787527716666155
7.95	-0.10772989160654492
7.96	-0.10758485693446522
7.97	-0.10744017189283489
7.98	-0.10729583523007252
7.99	-0.10715184570056721
8.	-0.10700820206464264
8.01	-0.10686490308852194
8.02	-0.10672194754429261
8.030000000000001	-0.1065793342098712
8.04	-0.10643706186896934
8.05	-0.10629512931105882
8.06	-0.10615353533133773
8.07	-0.10601227873069648
8.08	-0.10587135831568419
8.09	-0.10573077289847525
8.100000000000001	-0.10559052129683608
8.11	-0.10545060233409238
8.120000000000001	-0.10531101483909622
8.129999999999999	-0.10517175764619378
8.14	-0.10503282959519268
8.15	-0.10489422953133079
8.16	-0.10475595630524341
8.17	-0.10461800877293241
8.18	-0.1044803857957346
8.190000000000001	-0.10434308624029077
8.2	-0.10420610897851466
8.21	-0.1040694528875623
8.219999999999999	-0.10393311684980137
8.23	-0.1037970997527813
8.24	-0.10366140048920297
8.25	-0.10352601795688886
8.26	-0.10339095105875341
8.27	-0.10325619870277371
8.280000000000001	-0.10312175980196013
8.29	-0.1029876332743274
8.3	-0.10285381804286584
8.31	-0.10272031303551242
8.32	-0.10258711718512285
8.33	-0.10245422942944284
8.34	-0.10232164871108039
8.350000000000001	-0.10218937397747772
8.36	-0.10205740418088402
8.370000000000001	-0.10192573827832732
8.379999999999999	-0.10179437523158805
8.39	-0.10166331400717114
8.4	-0.10153255357627966
8.41	-0.10140209291478802
8.42	-0.10127193100321522
8.43	-0.10114206682669873
8.440000000000001	-0.10101249937496816
8.45	-0.10088322764231944
8.46	-0.10075425062758861
8.469999999999999	-0.10062556733412693
8.48	-0.10049717676977438
8.49	-0.10036907794683547
8.5	-0.10024126988205322
8.51	-0.10011375159658467
8.52	-0.09998652211597599
8.530000000000001	-0.09985958047013774
8.54	-0.09973292569332078
8.55	-0.09960655682409145
8.56	-0.09948047290530786
8.57	-0.09935467298409577
8.58	-0.09922915611182487
8.59	-0.099103921344085
8.600000000000001	-0.09897896774066273
8.61	-0.0988542943655182
8.620000000000001	-0.09872990028676153
8.629999999999999	-0.09860578457663022
8.64	-0.09848194631146612
8.65	-0.09835838457169274
8.66	-0.09823509844179257
8.67	-0.09811208701028502
8.68	-0.09798934936970362
8.690000000000001	-0.09786688461657432
8.7	-0.09774469185139348
8.71	-0.09762277017860573
8.719999999999999	-0.09750111870658278
8.73	-0.09737973654760149
8.74	-0.09725862281782262
8.75	-0.09713777663726975
8.76	-0.09701719712980755
8.77	-0.09689688342312165
8.780000000000001	-0.09677683464869727
8.79	-0.09665704994179855
8.8	-0.09653752844144818
8.81	-0.09641826929040676
8.82	-0.09629927163515263
8.83	-0.09618053462586176
8.84	-0.09606205741638756
8.850000000000001	-0.09594383916424092
8.86	-0.09582587903057094
8.870000000000001	-0.09570817618014442
8.879999999999999	-0.09559072978132721
8.89	-0.09547353900606416
8.9	-0.0953566030298603
8.91	-0.09523992103176154
8.92	-0.09512349219433534
8.93	-0.09500731570365263
8.940000000000001	-0.09489139074926803
8.95	-0.0947757165242019
8.96	-0.09466029222492156
8.969999999999999	-0.09454511705132286
8.98	-0.09443019020671191
8.99	-0.09431551089778714
9.	-0.09420107833462062
9.01	-0.09408689173064086
9.02	-0.09397295030261442
9.03	-0.09385925327062854
9.040000000000001	-0.09374579985807319
9.05	-0.09363258929162395
9.06	-0.09351962080122442
9.07	-0.09340689362006889
9.08	-0.0932944069845854
9.09	-0.09318216013441841
9.1	-0.09307015231241214
9.11	-0.09295838276459355
9.120000000000001	-0.09284685074015547
9.13	-0.09273555549144046
9.14	-0.0926244962739238
9.15	-0.09251367234619726
9.16	-0.09240308296995277
9.17	-0.0922927274099663
9.18	-0.09218260493408154
9.19	-0.09207271481319422
9.2	-0.09196305632123579
9.21	-0.09185362873515789
9.22	-0.09174443133491669
9.23	-0.09163546340345703
9.24	-0.09152672422669701
9.25	-0.09141821309351271
9.26	-0.09130992929572274
9.27	-0.0912018721280729
9.28	-0.09109404088822141
9.290000000000001	-0.09098643487672348
9.3	-0.0908790533970165
9.31	-0.09077189575540538
9.32	-0.09066496126104745
9.33	-0.0905582492259381
9.34	-0.09045175896489598
9.35	-0.09034548979554864
9.36	-0.09023944103831807
9.370000000000001	-0.09013361201640652
9.38	-0.09002800205578204
9.39	-0.08992261048516446
9.4	-0.08981743663601152
9.41	-0.08971247984250454
9.42	-0.08960773944153494
9.43	-0.08950321477269015
9.44	-0.08939890517823992
9.45	-0.08929481000312307
9.46	-0.08919092859493336
9.47	-0.08908726030390653
9.48	-0.08898380448290667
9.49	-0.08888056048741298
9.5	-0.08877752767550658
9.51	-0.08867470540785734
9.52	-0.08857209304771087
9.53	-0.08846968996087545
9.540000000000001	-0.08836749551570931
9.55	-0.0882655090831077
9.56	-0.08816373003649007
9.57	-0.0880621577517875
9.58	-0.08796079160743016
9.59	-0.08785963098433465
9.6	-0.08775867526589182
9.61	-0.08765792383795397
9.620000000000001	-0.08755737608882312
9.63	-0.08745703140923833
9.64	-0.08735688919236373
9.65	-0.08725694883377656
9.66	-0.087157209731455
9.67	-0.08705767128576625
9.68	-0.08695833289945488
9.69	-0.0868591939776309
9.700000000000001	-0.08676025392775776
9.71	-0.08666151215964149
9.72	-0.08656296808541822
9.73	-0.0864646211195433
9.74	-0.08636647067877956
9.75	-0.08626851618218605
9.76	-0.08617075705110681
9.77	-0.08607319270915938
9.78	-0.08597582258222392
9.790000000000001	-0.08587864609843185
9.8	-0.08578166268815521
9.81	-0.08568487178399509
9.82	-0.08558827282077126
9.83	-0.08549186523551106
9.84	-0.08539564846743872
9.85	-0.08529962195796444
9.86	-0.08520378515067406
9.870000000000001	-0.0851081374913182
9.88	-0.08501267842780195
9.89	-0.08491740741017417
9.9	-0.08482232389061727
9.91	-0.08472742732343673
9.92	-0.0846327171650508
9.93	-0.08453819287398054
9.94	-0.08444385391083926
9.950000000000001	-0.08434969973832271
9.96	-0.0842557298211989
9.97	-0.08416194362629816
9.98	-0.08406834062250312
9.99	-0.08397492028073901
10.	-0.08388168207396357
10.01	-0.08378862547715751
10.02	-0.08369574996731471
10.03	-0.08360305502343272
10.040000000000001	-0.08351054012650289
10.05	-0.08341820475950103
10.06	-0.08332604840737788
10.07	-0.08323407055704972
10.08	-0.08314227069738886
10.09	-0.08305064831921441
10.1	-0.08295920291528311
10.11	-0.08286793398027988
10.120000000000001	-0.08277684101080889
10.13	-0.08268592350538424
10.14	-0.08259518096442116
10.15	-0.08250461289022672
10.16	-0.08241421878699098
10.17	-0.08232399816077823
10.18	-0.08223395051951789
10.19	-0.08214407537299588
10.200000000000001	-0.08205437223284576
10.21	-0.0819648406125402
10.22	-0.08187548002738199
10.23	-0.08178628999449589
10.24	-0.08169727003281961
10.25	-0.08160841966309561
10.26	-0.0815197384078625
10.27	-0.08143122579144674
10.28	-0.08134288133995404
10.290000000000001	-0.08125470458126138
10.3	-0.08116669504500842
10.31	-0.0810788522625895
10.32	-0.08099117576714529
10.33	-0.08090366509355477
10.34	-0.08081631977842707
10.35	-0.08072913936009342
10.36	-0.0806421233785993
10.370000000000001	-0.08055527137569621
10.38	-0.08046858289483406
10.39	-0.08038205748115312
10.4	-0.08029569468147614
10.41	-0.08020949404430082
10.42	-0.08012345511979187
10.43	-0.08003757745977327
10.44	-0.0799518606177208
10.450000000000001	-0.07986630414875441
10.46	-0.07978090760963048
10.47	-0.07969567055873444
10.48	-0.07961059255607326
10.49	-0.07952567316326806
10.5	-0.07944091194354655
10.51	-0.07935630846173582
10.52	-0.07927186228425503
10.53	-0.07918757297910795
10.540000000000001	-0.07910344011587588
10.55	-0.07901946326571054
10.56	-0.0789356420013266
10.57	-0.07885197589699483
10.58	-0.07876846452853498
10.59	-0.07868510747330858
10.6	-0.07860190431021209
10.61	-0.07851885461966995
10.620000000000001	-0.0784359579836274
10.63	-0.07835321398554403
10.64	-0.07827062221038643
10.65	-0.07818818224462179
10.66	-0.0781058936762108
10.67	-0.07802375609460123
10.68	-0.0779417690907209
10.69	-0.07785993225697115
10.700000000000001	-0.07777824518722033
10.71	-0.07769670747679705
10.72	-0.07761531872248353
10.73	-0.07753407852250936
10.74	-0.07745298647654474
10.75	-0.07737204218569414
10.76	-0.07729124525248998
10.77	-0.07721059528088597
10.78	-0.07713009187625104
10.790000000000001	-0.07704973464536277
10.8	-0.07696952319640137
10.81	-0.07688945713894317
10.82	-0.0768095360839546
10.83	-0.07672975964378591
10.84	-0.07665012743216507
10.85	-0.07657063906419151
10.86	-0.07649129415633024
10.870000000000001	-0.0764120923264057
10.88	-0.07633303319359565
10.89	-0.07625411637842532
10.9	-0.07617534150276144
10.91	-0.07609670818980621
10.92	-0.07601821606409143
10.93	-0.07593986475147288
10.94	-0.075861653879124
10.950000000000001	-0.07578358307553053
10.96	-0.07570565197048457
10.97	-0.07562786019507882
10.98	-0.0755502073817009
10.99	-0.0754726931640277
11.	-0.0753953171770197
11.01	-0.07531807905691522
11.02	-0.07524097844122515
11.03	-0.07516401496872709
11.040000000000001	-0.07508718827945991
11.05	-0.07501049801471832
11.06	-0.07493394381704727
11.07	-0.07485752533023664
11.08	-0.0747812421993157
11.09	-0.07470509407054773
11.1	-0.07462908059142484
11.11	-0.07455320141066239
11.120000000000001	-0.07447745617819383
11.13	-0.07440184454516535
11.14	-0.07432636616393073
11.15	-0.07425102068804595
11.16	-0.07417580777226426
11.17	-0.07410072707253067
11.18	-0.0740257782459771
11.19	-0.07395096095091713
11.200000000000001	-0.07387627484684085
11.21	-0.07380171959441005
11.22	-0.07372729485545286
11.23	-0.07365300029295899
11.24	-0.07357883557107456
11.25	-0.07350480035509725
11.26	-0.07343089431147143
11.27	-0.07335711710778307
11.28	-0.07328346841275503
11.290000000000001	-0.073209947896242
11.3	-0.07313655522922603
11.31	-0.07306329008381122
11.32	-0.07299015213321938
11.33	-0.072917141051785
11.34	-0.07284425651495065
11.35	-0.07277149819926221
11.36	-0.07269886578236426
11.370000000000001	-0.07262635894299527
11.38	-0.07255397736098315
11.39	-0.07248172071724042
11.4	-0.07240958869375987
11.41	-0.0723375809736097
11.42	-0.07226569724092928
11.43	-0.07219393718092436
11.44	-0.07212230047986273
11.450000000000001	-0.07205078682506974
11.46	-0.0719793959049238
11.47	-0.07190812740885189
11.48	-0.0718369810273253
11.49	-0.07176595645185513
11.5	-0.07169505337498795
11.51	-0.07162427149030146
11.52	-0.0715536104924002
11.53	-0.07148307007691115
11.540000000000001	-0.07141264994047972
11.55	-0.07134234978076505
11.56	-0.0712721692964362
11.57	-0.07120210818716773
11.58	-0.07113216615363548
11.59	-0.07106234289751255
11.6	-0.07099263812146502
11.61	-0.0709230515291478
11.620000000000001	-0.07085358282520063
11.63	-0.07078423171524412
11.64	-0.0707149979058752
11.65	-0.07064588110466356
11.66	-0.07057688102014739
11.67	-0.07050799736182943
11.68	-0.070439229840173
11.69	-0.07037057816659793
11.700000000000001	-0.0703020420534768
11.71	-0.0702336212141308
11.72	-0.07016531536282603
11.73	-0.07009712421476935
11.74	-0.07002904748610479
11.75	-0.06996108489390952
11.76	-0.06989323615619006
11.77	-0.06982550099187847
11.78	-0.06975787912082855
11.790000000000001	-0.06969037026381207
11.8	-0.06962297414251506
11.81	-0.06955569047953401
11.82	-0.06948851899837208
11.83	-0.0694214594234356
11.84	-0.06935451148003018
11.85	-0.06928767489435712
11.86	-0.06922094939350988
11.870000000000001	-0.06915433470547018
11.88	-0.06908783055910471
11.89	-0.06902143668416126
11.9	-0.06895515281126526
11.91	-0.06888897867191628
11.92	-0.06882291399848439
11.93	-0.0687569585242066
11.94	-0.0686911119831835
11.950000000000001	-0.06862537411037563
11.96	-0.0685597446416001
11.97	-0.06849422331352711
11.98	-0.06842880986367642
11.99	-0.06836350403041401
12.	-0.06829830555294873
12.01	-0.06823321417132878
12.02	-0.06816822962643837
12.03	-0.06810335165999445
12.040000000000001	-0.06803858001454323
12.05	-0.06797391443345692
12.06	-0.0679093546609306
12.07	-0.06784490044197851
12.08	-0.06778055152243115
12.09	-0.06771630764893177
12.1	-0.0676521685689334
12.11	-0.06758813403069534
12.120000000000001	-0.06752420378328002
12.13	-0.0674603775765499
12.14	-0.06739665516116423
12.15	-0.06733303628857581
12.16	-0.06726952071102792
12.17	-0.06720610818155116
12.18	-0.06714279845396026
12.19	-0.06707959128285113
12.200000000000001	-0.06701648642359755
12.21	-0.06695348363234828
12.22	-0.06689058266602392
12.23	-0.06682778328231374
12.24	-0.06676508523967294
12.25	-0.06670248829731928
12.26	-0.06663999221523029
12.27	-0.06657759675414027
12.28	-0.06651530167553718
12.290000000000001	-0.06645310674165981
12.3	-0.06639101171549475
12.31	-0.06632901636077349
12.32	-0.0662671204419695
12.33	-0.06620532372429526
12.34	-0.06614362597369942
12.35	-0.06608202695686392
12.36	-0.06602052644120109
12.370000000000001	-0.06595912419485077
12.38	-0.06589781998667761
12.39	-0.06583661358626802
12.4	-0.06577550476392753
12.41	-0.06571449329067794
12.42	-0.06565357893825448
12.43	-0.06559276147910306
12.44	-0.06553204068637754
12.450000000000001	-0.065471416333937
12.46	-0.06541088819634287
12.47	-0.0653504560488564
12.48	-0.06529011966743568
12.49	-0.06522987882873332
12.5	-0.0651697333100934
12.51	-0.06510968288954892
12.52	-0.06504972734581924
12.53	-0.06498986645830729
12.540000000000001	-0.06493010000709706
12.55	-0.06487042777295078
12.56	-0.06481084953730659
12.57	-0.06475136508227564
12.58	-0.0646919741906397
12.59	-0.06463267664584856
12.6	-0.06457347223201733
12.61	-0.06451436073392411
12.620000000000001	-0.06445534193700717
12.63	-0.0643964156273627
12.64	-0.06433758159174212
12.65	-0.06427883961754961
12.66	-0.0642201894928396
12.67	-0.06416163100631435
12.68	-0.06410316394732145
12.69	-0.06404478810585125
12.700000000000001	-0.06398650327253459
12.71	-0.06392830923864025
12.72	-0.06387020579607255
12.73	-0.0638121927373689
12.74	-0.06375426985569746
12.75	-0.06369643694485473
12.76	-0.06363869379926303
12.77	-0.06358104021396842
12.78	-0.063523475984638
12.790000000000001	-0.06346600090755784
12.8	-0.06340861477963046
12.81	-0.06335131739837253
12.82	-0.06329410856191266
12.83	-0.06323698806898896
12.84	-0.06317995571894679
12.85	-0.06312301131173655
12.86	-0.06306615464791118
12.870000000000001	-0.06300938552862419
12.88	-0.06295270375562714
12.89	-0.06289610913126759
12.9	-0.06283960145848674
12.91	-0.06278318054081725
12.92	-0.06272684618238095
12.93	-0.06267059818788683
12.94	-0.06261443636262863
12.950000000000001	-0.06255836051248272
12.96	-0.062502370443906
12.97	-0.06244646596393362
12.98	-0.06239064688017686
12.99	-0.06233491300082104
13.	-0.062279264134623306
13.01	-0.062223700090910564
13.02	-0.062168220679577293
13.030000000000001	-0.062112825711083466
13.040000000000001	-0.062057514996452484
13.05	-0.062002288347269056
13.06	-0.061947145575677036
13.07	-0.061892086494377566
13.08	-0.06183711091662678
13.09	-0.0617822186562338
13.1	-0.06172740952755891
13.11	-0.061672683345511174
13.120000000000001	-0.061618039925546673
13.13	-0.06156347908366636
13.14	-0.06150900063641413
13.15	-0.061454604400874725
13.16	-0.06140029019467181
13.17	-0.061346057835966
13.18	-0.061291907143452846
13.19	-0.06123783793636087
13.200000000000001	-0.06118385003444962
13.21	-0.061129943258007795
13.22	-0.06107611742785116
13.23	-0.06102237236532073
13.24	-0.06096870789228077
13.25	-0.060915123831116955
13.26	-0.06086162000473445
13.27	-0.06080819623655593
13.280000000000001	-0.06075485235051983
13.290000000000001	-0.06070158817107838
13.3	-0.060648403523195664
13.31	-0.06059529823234591
13.32	-0.060542272124511555
13.33	-0.06048932502618137
13.34	-0.060436456764348674
13.35	-0.0603836671665094
13.36	-0.060330956060660565
13.370000000000001	-0.06027832327529799
13.38	-0.060225768639414874
13.39	-0.06017329198249989
13.4	-0.060120893134535246
13.41	-0.060068571925995136
13.42	-0.060016328187843776
13.43	-0.05996416175153371
13.44	-0.05991207244900411
13.450000000000001	-0.05986006011267889
13.46	-0.05980812457546506
13.47	-0.059756265670750965
13.48	-0.05970448323240451
13.49	-0.05965277709477146
13.5	-0.0596011470926738
13.51	-0.059549593061407856
13.52	-0.059498114836742826
13.530000000000001	-0.05944671225491885
13.540000000000001	-0.059395385152645495
13.55	-0.05934413336710001
13.56	-0.05929295673592561
13.57	-0.059241855097229894
13.58	-0.059190828289583115
13.59	-0.05913987615201658
13.6	-0.059088998524021025
13.61	-0.0590381952455449
13.620000000000001	-0.05898746615699278
13.63	-0.058936811099223795
13.64	-0.05888622991354986
13.65	-0.05883572244173433
13.66	-0.058785288525990034
13.67	-0.05873492800897807
13.68	-0.05868464073380592
13.69	-0.05863442654402597
13.700000000000001	-0.05858428528363401
13.71	-0.05853421679706757
13.72	-0.05848422092920438
13.73	-0.05843429752536084
13.74	-0.05838444643129039
13.75	-0.05833466749318209
13.76	-0.058284960557659006
13.77	-0.0582353254717767
13.780000000000001	-0.058185762083021744
13.790000000000001	-0.05813627023931011
13.8	-0.05808684978898571
13.81	-0.05803750058081898
13.82	-0.05798822246400525
13.83	-0.0579390152881633
13.84	-0.057889878903333906
13.85	-0.05784081315997829
13.86	-0.05779181790897677
13.870000000000001	-0.057742893001627195
13.88	-0.05769403828964345
13.89	-0.05764525362515417
13.9	-0.05759653886070114
13.91	-0.057547893849237815
13.92	-0.05749931844412815
13.93	-0.05745081249914482
13.94	-0.057402375868468046
13.950000000000001	-0.057354008406684066
13.96	-0.05730570996878383
13.97	-0.05725748041016148
13.98	-0.0572093195866129
13.99	-0.05716122735433454
14.	-0.057113203569921896
14.01	-0.05706524809036806
14.02	-0.05701736077306242
14.030000000000001	-0.056969541475789344
14.040000000000001	-0.05692179005672674
14.05	-0.05687410637444468
14.06	-0.056826490287904124
14.07	-0.0567789416564555
14.08	-0.056731460339837385
14.09	-0.05668404619817516
14.1	-0.05663669909197976
14.11	-0.056589418882146206
14.120000000000001	-0.056542205429952315
14.13	-0.05649505859705757
14.14	-0.05644797824550155
14.15	-0.056400964237702814
14.16	-0.056354016436457446
14.17	-0.056307134704937874
14.18	-0.05626031890669165
14.19	-0.05621356890563993
14.200000000000001	-0.0561668845660764
14.21	-0.056120265752665946
14.22	-0.056073712330443365
14.23	-0.05602722416481213
14.24	-0.05598080112154311
14.25	-0.05593444306677337
14.26	-0.0558881498670048
14.27	-0.05584192138910302
14.280000000000001	-0.05579575750029607
14.290000000000001	-0.05574965806817318
14.3	-0.055703622960683596
14.31	-0.05565765204613522
14.32	-0.055611745193193604
14.33	-0.05556590227088052
14.34	-0.055520123148572915
14.35	-0.05547440769600166
14.36	-0.05542875578325027
14.370000000000001	-0.05538316728075388
14.38	-0.05533764205929796
14.39	-0.05529217999001703
14.4	-0.05524678094439367
14.41	-0.055201444794257266
14.42	-0.055156171411782855
14.43	-0.05511096066948991
14.44	-0.05506581244024122
14.450000000000001	-0.055020726597241755
14.46	-0.05497570301403747
14.47	-0.05493074156451428
14.48	-0.0548858421228967
14.49	-0.054841004563746944
14.5	-0.0547962287619636
14.51	-0.05475151459278066
14.52	-0.0547068619317663
14.530000000000001	-0.05466227065482178
14.540000000000001	-0.05461774063818037
14.55	-0.05457327175840622
14.56	-0.0545288638923932
14.57	-0.05448451691736391
14.58	-0.0544402307108685
14.59	-0.05439600515078362
14.6	-0.054351840115311315
14.61	-0.05430773548297791
14.620000000000001	-0.054263691132633005
14.63	-0.05421970694344836
14.64	-0.05417578279491684
14.65	-0.054131918566851345
14.66	-0.054088114139383726
14.67	-0.05404436939296375
14.68	-0.05400068420835805
14.69	-0.05395705846664912
14.700000000000001	-0.05391349204923413
14.71	-0.053869984837824056
14.72	-0.053826536714442555
14.73	-0.05378314756142492
14.74	-0.053739817261417085
14.75	-0.053696545697374636
14.76	-0.053653332752561726
14.77	-0.053610178310550045
14.780000000000001	-0.05356708225521795
14.790000000000001	-0.053524044470749266
14.8	-0.05348106484163238
14.81	-0.053438143252659276
14.82	-0.053395279588924496
14.83	-0.05335247373582413
14.84	-0.05330972557905484
14.85	-0.05326703500461291
14.86	-0.05322440189879323
14.870000000000001	-0.053181826148188324
14.88	-0.05313930763968742
14.89	-0.0530968462604754
14.9	-0.05305444189803191
14.91	-0.053012094440130365
14.92	-0.052969803774836975
14.93	-0.05292756979050989
14.94	-0.05288539237579808
14.950000000000001	-0.05284327141964053
14.96	-0.05280120681126526
14.97	-0.05275919844018835
14.98	-0.052717246196213076
14.99	-0.05267534996942885
15.	-0.05263350965021051
15.01	-0.05259172512921712
15.02	-0.05254999629739133
15.030000000000001	-0.052508323045958205
15.040000000000001	-0.05246670526642452
15.05	-0.052425142850577665
15.06	-0.05238363569048494
15.07	-0.052342183678492485
15.08	-0.05230078670722443
15.09	-0.05225944466958203
15.1	-0.05221815745874277
15.11	-0.052176924968159434
15.120000000000001	-0.05213574709155924
15.13	-0.05209462372294297
15.14	-0.05205355475658412
15.15	-0.05201254008702793
15.16	-0.051971579609090615
15.17	-0.0519306732178584
15.18	-0.05188982080868678
15.19	-0.05184902227719952
15.200000000000001	-0.0518082775192879
15.21	-0.0517675864311098
15.22	-0.0517269489090889
15.23	-0.05168636484991374
15.24	-0.05164583415053699
15.25	-0.05160535670817455
15.26	-0.05156493242030469
15.27	-0.05152456118466721
15.280000000000001	-0.05148424289926273
15.290000000000001	-0.0514439774623517
15.3	-0.05140376477245358
15.31	-0.05136360472834626
15.32	-0.05132349722906483
15.33	-0.05128344217390118
15.34	-0.05124343946240283
15.35	-0.051203488994372465
15.36	-0.05116359066986679
15.370000000000001	-0.05112374438919595
15.38	-0.05108395005292266
15.39	-0.051044207561861475
15.4	-0.051004516817077766
15.41	-0.050964877719887225
15.42	-0.050925290171854896
15.43	-0.050885754074794426
15.44	-0.05084626933076728
15.450000000000001	-0.050806835842081996
15.46	-0.050767453511293414
15.47	-0.05072812224120175
15.48	-0.05068884193485208
15.49	-0.0506496124955333
15.5	-0.050610433826777615
15.51	-0.050571305832359574
15.52	-0.05053222841629544
15.530000000000001	-0.05049320148284233
15.540000000000001	-0.05045422493649758
15.55	-0.05041529868199787
15.56	-0.05037642262431854
15.57	-0.05033759666867289
15.58	-0.05029882072051133
15.59	-0.05026009468552067
15.6	-0.050221418469623504
15.61	-0.050182791978977265
15.620000000000001	-0.05014421511997365
15.63	-0.05010568779923793
15.64	-0.05006720992362796
15.65	-0.05002878140023382
15.66	-0.04999040213637675
15.67	-0.0499520720396087
15.68	-0.04991379101771144
15.69	-0.049875558978695965
15.700000000000001	-0.04983737583080164
15.71	-0.04979924148249572
15.72	-0.04976115584247237
15.73	-0.04972311881965218
15.74	-0.04968513032318135
15.75	-0.049647190262431064
15.76	-0.049609298546996694
15.77	-0.04957145508669719
15.780000000000001	-0.049533659791574446
15.790000000000001	-0.049495912571892446
15.8	-0.049458213338136735
15.81	-0.04942056200101361
15.82	-0.04938295847144957
15.83	-0.04934540266059055
15.84	-0.049307894479801245
15.85	-0.04927043384066447
15.86	-0.04923302065498053
15.870000000000001	-0.04919565483476645
15.88	-0.04915833629225541
15.89	-0.04912106493989601
15.9	-0.04908384069035163
15.91	-0.049046663456499814
15.92	-0.04900953315143156
15.93	-0.048972449688450714
15.94	-0.04893541298107328
15.950000000000001	-0.04889842294302676
15.96	-0.048861479488249614
15.97	-0.04882458253089045
15.98	-0.04878773198530755
15.99	-0.04875092776606813
16.	-0.0487141697879477
16.009999999999998	-0.04867745796592946
16.02	-0.04864079221520374
16.03	-0.048604172451167216
16.04	-0.04856759858942243
16.05	-0.04853107054577701
16.060000000000002	-0.04849458823624327
16.07	-0.048458151577037346
16.08	-0.048421760484578774
16.09	-0.048385414875489696
16.1	-0.048349114666594445
16.11	-0.04831285977491881
16.12	-0.04827665011768935
16.130000000000003	-0.04824048561233304
16.14	-0.04820436617647643
16.15	-0.04816829172794512
16.16	-0.04813226218476313
16.17	-0.048096277465152465
16.18	-0.04806033748753231
16.189999999999998	-0.04802444217051848
16.200000000000003	-0.04798859143292294
16.21	-0.04795278519375313
16.22	-0.04791702337221138
16.23	-0.04788130588769429
16.240000000000002	-0.04784563265979229
16.25	-0.04781000360828888
16.259999999999998	-0.047774418653160185
16.27	-0.04773887771457425
16.28	-0.04770338071289065
16.29	-0.047667927568659806
16.3	-0.047632518202622265
16.310000000000002	-0.04759715253570846
16.32	-0.04756183048903788
16.33	-0.04752655198391863
16.34	-0.04749131694184678
16.35	-0.04745612528450591
16.36	-0.04742097693376652
16.37	-0.04738587181168538
16.380000000000003	-0.0473508098405051
16.39	-0.047315790942653486
16.4	-0.04728081504074313
16.41	-0.04724588205757056
16.42	-0.04721099191611615
16.43	-0.047176144539543094
16.439999999999998	-0.04714133985119726
16.450000000000003	-0.04710657777460635
16.46	-0.04707185823347959
16.47	-0.047037181151707054
16.48	-0.04700254645335911
16.490000000000002	-0.046967954062686085
16.5	-0.046933403904117425
16.509999999999998	-0.04689889590226148
16.52	-0.046864429981904716
16.53	-0.04683000606801138
16.54	-0.04679562408572295
16.55	-0.04676128396035741
16.560000000000002	-0.04672698561740901
16.57	-0.04669272898254756
16.58	-0.04665851398161804
16.59	-0.04662434054063993
16.6	-0.04659020858580689
16.61	-0.046556118043486056
16.62	-0.04652206884021768
16.630000000000003	-0.04648806090271458
16.64	-0.04645409415786154
16.65	-0.046420168532714995
16.66	-0.04638628395450228
16.67	-0.04635244035062145
16.68	-0.04631863764864047
16.689999999999998	-0.046284875776296856
16.700000000000003	-0.046251154661497186
16.71	-0.04621747423231668
16.72	-0.046183834416998554
16.73	-0.046150235143953534
16.740000000000002	-0.04611667634175954
16.75	-0.04608315793916106
16.759999999999998	-0.04604967986506871
16.77	-0.04601624204855866
16.78	-0.04598284441887237
16.79	-0.04594948690541582
16.8	-0.04591616943775931
16.810000000000002	-0.04588289194563682
16.82	-0.04584965435894553
16.83	-0.045816456607745464
16.84	-0.04578329862225885
16.85	-0.04575018033286985
16.86	-0.045717101670123925
16.87	-0.045684062564727436
16.880000000000003	-0.04565106294754719
16.89	-0.045618102749609965
16.9	-0.045585181902102055
16.91	-0.04555230033636871
16.92	-0.045519457983913894
16.93	-0.04548665477639963
16.939999999999998	-0.045453890645645645
16.950000000000003	-0.045421165523628806
16.96	-0.04538847934248287
16.97	-0.0453558320344979
16.98	-0.04532322353211971
16.990000000000002	-0.045290653767949635
17.	-0.045258122674743974
17.01	-0.04522563018541354
17.02	-0.04519317623302325
17.03	-0.045160760750791694
17.04	-0.04512838367209053
17.05	-0.045096044930444376
17.06	-0.04506374445953011
17.07	-0.045031482193176466
17.080000000000002	-0.04499925806536365
17.09	-0.04496707201022297
17.1	-0.04493492396203627
17.11	-0.04490281385523553
17.12	-0.04487074162440259
17.13	-0.044838707204268496
17.14	-0.04480671052971326
17.15	-0.044774751535765316
17.16	-0.04474283015760115
17.17	-0.04471094633054489
17.18	-0.04467909999006786
17.19	-0.0446472910717882
17.2	-0.04461551951147034
17.21	-0.044583785245024765
17.22	-0.044552088208507444
17.23	-0.04452042833811949
17.240000000000002	-0.04448880557020676
17.25	-0.044457219841259395
17.26	-0.04442567108791143
17.27	-0.04439415924694041
17.28	-0.044362684255267
17.29	-0.04433124604995451
17.3	-0.04429984456820854
17.31	-0.0442684797473766
17.32	-0.04423715152494763
17.330000000000002	-0.04420585983855177
17.34	-0.04417460462595973
17.35	-0.04414338582508253
17.36	-0.04411220337397114
17.37	-0.04408105721081603
17.38	-0.04404994727394672
17.39	-0.04401887350183151
17.4	-0.043987835833077034
17.41	-0.043956834206427826
17.42	-0.04392586856076603
17.43	-0.04389493883511096
17.44	-0.043864044968618704
17.45	-0.043833186900581744
17.46	-0.043802364570428624
17.47	-0.043771577917723514
17.48	-0.04374082688216583
17.490000000000002	-0.04371011140358994
17.5	-0.043679431421964676
17.51	-0.04364878687739303
17.52	-0.0436181777101117
17.53	-0.04358760386049092
17.54	-0.04355706526903377
17.55	-0.04352656187637614
17.56	-0.04349609362328607
17.57	-0.04346566045066358
17.580000000000002	-0.04343526229954028
17.59	-0.04340489911107889
17.6	-0.04337457082657297
17.61	-0.04334427738744659
17.62	-0.04331401873525381
17.63	-0.043283794811678517
17.64	-0.04325360555853397
17.65	-0.043223450917762384
17.66	-0.04319333083143468
17.67	-0.04316324524175012
17.68	-0.04313319409103584
17.69	-0.04310317732174663
17.7	-0.04307319487646451
17.71	-0.0430432466978984
17.72	-0.04301333272888376
17.73	-0.04298345291238224
17.740000000000002	-0.04295360719148136
17.75	-0.04292379550939418
17.76	-0.042894017809458826
17.77	-0.0428642740351383
17.78	-0.04283456413002009
17.79	-0.042804888037815805
17.8	-0.042775245702360805
17.81	-0.0427456370676139
17.82	-0.0427160620776571
17.830000000000002	-0.04268652067669509
17.84	-0.04265701280905506
17.85	-0.042627538419186324
17.86	-0.04259809745165982
17.87	-0.04256868985116814
17.88	-0.04253931556252479
17.89	-0.04250997453066418
17.9	-0.042480666700641094
17.91	-0.04245139201763048
17.92	-0.042422150426927006
17.93	-0.04239294187394491
17.94	-0.04236376630421751
17.95	-0.04233462366339691
17.96	-0.04230551389725374
17.97	-0.04227643695167679
17.98	-0.04224739277267273
17.990000000000002	-0.042218381306365696
18.	-0.04218940249899708
18.01	-0.04216045629692518
18.02	-0.0421315426466248
18.03	-0.04210266149468708
18.04	-0.04207381278781905
18.05	-0.0420449964728434
18.06	-0.04201621249669814
18.07	-0.04198746080643622
18.080000000000002	-0.041958741349225386
18.09	-0.04193005407234768
18.1	-0.04190139892319932
18.11	-0.04187277584929018
18.12	-0.04184418479824366
18.13	-0.041815625717796324
18.14	-0.04178709855579755
18.150000000000002	-0.04175860326020929
18.16	-0.04173013977910575
18.17	-0.041701708060673005
18.18	-0.04167330805320888
18.19	-0.041644939705122494
18.2	-0.041616602964933976
18.21	-0.04158829778127425
18.22	-0.041560024102884674
18.23	-0.04153178187861674
18.240000000000002	-0.04150357105743178
18.25	-0.0414753915884008
18.26	-0.041447243420703925
18.27	-0.04141912650363036
18.28	-0.041391040786577966
18.29	-0.04136298621905301
18.3	-0.04133496275066981
18.31	-0.04130697033115057
18.32	-0.041279008910325016
18.330000000000002	-0.04125107843813007
18.34	-0.04122317886460969
18.35	-0.04119531013991442
18.36	-0.04116747221430124
18.37	-0.041139665038133266
18.38	-0.04111188856187934
18.39	-0.04108414273611398
18.400000000000002	-0.041056427511516815
18.41	-0.041028742838872645
18.42	-0.04100108866907076
18.43	-0.04097346495310507
18.44	-0.04094587164207346
18.45	-0.040918308687177836
18.46	-0.040890776039723624
18.47	-0.04086327365111961
18.48	-0.04083580147287762
18.490000000000002	-0.040808359456612216
18.5	-0.04078094755404057
18.51	-0.04075356571698194
18.52	-0.04072621389735774
18.53	-0.04069889204719088
18.54	-0.04067160011860586
18.55	-0.0406443380638283
18.56	-0.04061710583518463
18.57	-0.04058990338510204
18.580000000000002	-0.04056273066610799
18.59	-0.0405355876308301
18.6	-0.04050847423199578
18.61	-0.04048139042243205
18.62	-0.04045433615506527
18.63	-0.040427311382920765
18.64	-0.04040031605912274
18.650000000000002	-0.04037335013689389
18.66	-0.04034641356955523
18.67	-0.04031950631052572
18.68	-0.04029262831332218
18.69	-0.04026577953155886
18.7	-0.0402389599189473
18.71	-0.04021216942929603
18.72	-0.040185408016510306
18.73	-0.04015867563459194
18.740000000000002	-0.040131972237638876
18.75	-0.04010529777984519
18.76	-0.04007865221550054
18.77	-0.04005203549899021
18.78	-0.040025447584794614
18.79	-0.03999888842748928
18.8	-0.039972357981744394
18.81	-0.039945856202324645
18.82	-0.03991938304408899
18.830000000000002	-0.03989293846199045
18.84	-0.039866522411075744
18.85	-0.03984013484648509
18.86	-0.03981377572345213
18.87	-0.03978744499730333
18.88	-0.03976114262345814
18.89	-0.03973486855742851
18.900000000000002	-0.03970862275481864
18.91	-0.039682405171324917
18.92	-0.03965621576273544
18.93	-0.039630054484930066
18.94	-0.03960392129387988
18.95	-0.03957781614564721
18.96	-0.039551738996385186
18.97	-0.03952568980233765
18.98	-0.03949966851983887
18.990000000000002	-0.03947367510531329
19.	-0.03944770951527536
19.01	-0.03942177170632918
19.02	-0.039395861635168464
19.03	-0.03936997925857608
19.04	-0.039344124533424035
19.05	-0.039318297416673045
19.06	-0.03929249786537253
19.07	-0.03926672583666019
19.080000000000002	-0.03924098128776186
19.09	-0.03921526417599132
19.1	-0.03918957445874995
19.11	-0.03916391209352674
19.12	-0.0391382770378977
19.13	-0.03911266924952603
19.14	-0.039087088686161606
19.150000000000002	-0.039061535305640924
19.16	-0.03903600906588685
19.17	-0.03901050992490827
19.18	-0.03898503784080006
19.19	-0.03895959277174276
19.2	-0.03893417467600236
19.21	-0.0389087835119301
19.22	-0.0388834192379623
19.23	-0.03885808181262002
19.240000000000002	-0.03883277119450895
19.25	-0.03880748734231923
19.26	-0.03878223021482501
19.27	-0.03875699977088459
19.28	-0.03873179596943986
19.29	-0.03870661876951633
19.3	-0.03868146813022276
19.31	-0.0386563440107511
19.32	-0.038631246370376154
19.330000000000002	-0.03860617516845537
19.34	-0.03858113036442874
19.35	-0.038556111917818506
19.36	-0.03853111978822897
19.37	-0.03850615393534628
19.38	-0.038481214318938244
19.39	-0.03845630089885408
19.400000000000002	-0.03843141363502429
19.41	-0.038406552487460395
19.42	-0.038381717416254714
19.43	-0.03835690838158021
19.44	-0.03833212534369025
19.45	-0.03830736826291847
19.46	-0.03828263709967845
19.47	-0.03825793181446366
19.48	-0.03823325236784708
19.490000000000002	-0.03820859872048122
19.5	-0.03818397083309777
19.51	-0.03815936866650739
19.52	-0.0381347921815996
19.53	-0.038110241339342515
19.54	-0.03808571610078273
19.55	-0.03806121642704497
19.56	-0.03803674227933214
19.57	-0.03801229361892478
19.580000000000002	-0.037987870407181254
19.59	-0.03796347260553731
19.6	-0.0379391001755059
19.61	-0.037914753078677095
19.62	-0.037890431276717845
19.63	-0.03786613473137177
19.64	-0.03784186340445891
19.650000000000002	-0.03781761725787567
19.66	-0.03779339625359458
19.67	-0.03776920035366401
19.68	-0.03774502952020814
19.69	-0.03772088371542659
19.7	-0.03769676290159445
19.71	-0.037672667041061855
19.72	-0.03764859609625405
19.73	-0.03762455002967093
19.740000000000002	-0.03760052880388712
19.75	-0.037576532381551585
19.76	-0.03755256072538756
19.77	-0.03752861379819234
19.78	-0.03750469156283706
19.79	-0.037480793982266586
19.8	-0.037456921019499226
19.81	-0.03743307263762668
19.82	-0.03740924879981374
19.830000000000002	-0.03738544946929817
19.84	-0.03736167460939059
19.85	-0.03733792418347408
19.86	-0.03731419815500425
19.87	-0.03729049648750891
19.88	-0.03726681914458799
19.89	-0.03724316608991319
19.900000000000002	-0.03721953728722809
19.91	-0.03719593270034765
19.92	-0.037172352293158274
19.93	-0.03714879602961757
19.94	-0.03712526387375405
19.95	-0.03710175578966719
19.96	-0.03707827174152703
19.97	-0.03705481169357416
19.98	-0.037031375610119446
19.990000000000002	-0.03700796345554391
20.	-0.03698457519429856