1.	-0.0046401410891368094
1.01	-0.0037951649955579743
1.02	-0.002981701044873707
1.03	-0.0021984510260056813
1.04	-0.0014441795407549416
1.05	-0.0007177104647197151
1.06	-0.00001792363660679228
1.07	0.000656248240684379
1.08	0.0013058225024780636
1.09	0.0019317692422913112
1.1	0.0025350138622827713
1.11	0.003116439466097085
1.12	0.0036768891050818495
1.13	0.0042171678880077385
1.1400000000000001	0.004738044963641163
1.15	0.005240255384807926
1.16	0.005724501861932837
1.17	0.0061914564134388905
1.18	0.006641761919846972
1.19	0.007076033587906167
1.2	0.007494860330623932
1.21	0.007898806068639314
1.22	0.008288410957993353
1.23	0.008664192548982538
1.24	0.009026646880457644
1.25	0.009376249513614232
1.26	0.009713456509049518
1.27	0.010038705350587275
1.28	0.010352415819139127
1.29	0.010654990819646742
1.3	0.010946817163939563
1.31	0.011228266312155736
1.32	0.011499695075194839
1.33	0.011761446280509595
1.34	0.012013849403388498
1.35	0.012257221165745113
1.3599999999999999	0.01249186610429411
1.37	0.012718077109877867
1.38	0.01293613593958982
1.3900000000000001	0.013146313703240866
1.4	0.013348871325613397
1.4100000000000001	0.013544059985858978
1.42	0.013732121535312277
1.43	0.013913288894912269
1.44	0.014087786433351032
1.45	0.014255830327001543
1.46	0.014417628902611094
1.47	0.014573382963688219
1.48	0.01472328610145625
1.49	0.014867524991193457
1.5	0.015006279674731442
1.51	0.015139723829839332
1.52	0.015268025027177149
1.53	0.015391344975463173
1.54	0.015509839755463379
1.55	0.015623660043374718
1.56	0.01573295132414218
1.57	0.015837854095220604
1.58	0.015938504061260062
1.5899999999999999	0.016035032320170242
1.6	0.016127565540991852
1.6099999999999999	0.01621622613398036
1.62	0.01630113241328437
1.63	0.016382398752582225
1.6400000000000001	0.01646013573401554
1.65	0.016534450290748022
1.6600000000000001	0.016605445843452037
1.67	0.016673222431015478
1.6800000000000002	0.016737876835741967
1.69	0.01679950270330602
1.7000000000000002	0.016858190657708313
1.71	0.016914028411465817
1.72	0.01696710087125736
1.73	0.017017490239235985
1.74	0.017065276110205557
1.75	0.017110535564852963
1.76	0.017153343259213413
1.77	0.017193771510540946
1.78	0.017231890379744853
1.79	0.017267767750546108
1.8	0.017301469405501254
1.81	0.017333059099029827
1.82	0.017362598627581036
1.83	0.01739014789706212
1.8399999999999999	0.017415764987650087
1.85	0.017439506216099403
1.8599999999999999	0.017461426195654033
1.87	0.017481577893667912
1.88	0.01750001268703005
1.8900000000000001	0.017516780415489777
1.9	0.017531929432970095
1.9100000000000001	0.017545506656953636
1.92	0.017557557616023626
1.9300000000000002	0.017568126495635463
1.94	0.017577256182193187
1.9500000000000002	0.017584988305501214
1.96	0.017591363279657612
1.97	0.017596420342453588
1.98	0.017600197593339556
1.99	0.017602732030016315
2.	0.017604059583707244
2.01	0.017604215153163624
2.02	0.017603232637455075
2.0300000000000002	0.0176011449675931
2.04	0.017597984137033403
2.05	0.017593781231102914
2.06	0.01758856645539175
2.0700000000000003	0.01758236916315298
2.08	0.017575217881746843
2.09	0.017567140338168155
2.1	0.017558163483691085
2.1100000000000003	0.017548313517666635
2.12	0.017537615910503658
2.13	0.01752609542586668
2.14	0.017513776142117927
2.1500000000000004	0.01750068147303472
2.16	0.017486834187827014
2.17	0.017472256430483765
2.1799999999999997	0.01745696973847103
2.19	0.017440995060808078
2.2	0.017424352775542534
2.21	0.017407062706648307
2.2199999999999998	0.017389144140366866
2.23	0.017370615841012172
2.24	0.017351496066259367
2.25	0.017331802581935153
2.26	0.017311552676329035
2.27	0.017290763174041435
2.2800000000000002	0.017269450449386214
2.29	0.017247630439363726
2.3	0.01722531865621814
2.31	0.017202530199596288
2.3200000000000003	0.017179279768319674
2.33	0.01715558167178478
2.34	0.01713144984100434
2.35	0.017106897839301936
2.3600000000000003	0.017081938872672453
2.37	0.01705658579981901
2.38	0.01703085114187888
2.39	0.017004747091848207
2.4000000000000004	0.01697828552371589
2.41	0.016951478001317296
2.42	0.01692433578691605
2.4299999999999997	0.01689686984952467
2.44	0.016869090872971795
2.45	0.01684100926372467
2.46	0.016812635158475676
2.4699999999999998	0.0167839784315002
2.48	0.016755048701793694
2.49	0.016725855339995214
2.5	0.016696407475104928
2.51	0.016666714001001285
2.52	0.01663678358276583
2.5300000000000002	0.016606624662820875
2.54	0.01657624546688676
2.55	0.016545654009764224
2.56	0.016514858100947695
2.5700000000000003	0.01648386535007503
2.58	0.016452683172218797
2.59	0.016421318793024282
2.6	0.016389779253699416
2.6100000000000003	0.016358071415860372
2.62	0.01632620196623892
2.63	0.016294177421254254
2.64	0.016262004131455163
2.6500000000000004	0.016229688285835393
2.66	0.016197235916026616
2.67	0.016164652900373114
2.6799999999999997	0.01613194496789161
2.69	0.016099117702119466
2.7	0.0160661765448555
2.71	0.016033126799795742
2.7199999999999998	0.01599997363606847
2.73	0.015966722091670604
2.74	0.015933377076809342
2.75	0.01589994337715077
2.76	0.015866425656979887
2.77	0.015832828462273175
2.7800000000000002	0.01579915622368731
2.79	0.015765413259466017
2.8	0.015731603778268138
2.81	0.01569773188191837
2.8200000000000003	0.015663801568083936
2.83	0.015629816732878717
2.84	0.015595781173397107
2.85	0.015561698590180048
2.8600000000000003	0.015527572589614885
2.87	0.015493406686270951
2.88	0.015459204305172985
2.89	0.015424968784014167
2.9000000000000004	0.01539070337531024
2.91	0.015356411248496987
2.92	0.015322095491972006
2.9299999999999997	0.015287759115083033
2.94	0.015253405050063982
2.95	0.015219036153920082
2.96	0.0151846552102642
2.9699999999999998	0.01515026493110503
2.98	0.015115867958588726
2.99	0.015081466866695741
3.	0.01504706416289334
3.0100000000000002	0.01501266228974595
3.02	0.014978263626483527
3.0300000000000002	0.014943870490530305
3.04	0.014909485138993575
3.05	0.01487510977011536
3.06	0.014840746524686243
3.07	0.014806397487423715
3.08	0.014772064688315418
3.09	0.014737750103928296
3.1	0.014703455658684908
3.11	0.014669183226107293
3.12	0.014634934630029756
3.13	0.01460071164578116
3.14	0.014566516001337619
3.15	0.014532349378446349
3.16	0.01449821341372172
3.17	0.01446410969971367
3.18	0.014430039785950043
3.19	0.014396005179952768
3.2	0.014362007348229205
3.21	0.014328047717238732
3.22	0.014294127674335827
3.23	0.014260248568689956
3.24	0.01422641171218278
3.25	0.01419261838028351
3.2600000000000002	0.014158869812902927
3.27	0.014125167215226615
3.2800000000000002	0.014091511758527716
3.29	0.01405790458096049
3.3000000000000003	0.014024346788334032
3.31	0.013990839454867727
3.32	0.01395738362392841
3.33	0.01392398030874966
3.34	0.013890630493133936
3.35	0.013857335132137842
3.36	0.01382409515274099
3.37	0.01379091145449893
3.38	0.01375778491018041
3.39	0.0137247163663896
3.4	0.013691706644173504
3.41	0.013658756539614902
3.42	0.013625866824411312
3.43	0.01359303824644031
3.44	0.013560271530311455
3.45	0.013527567377905246
3.46	0.013494926468899495
3.47	0.0134623494612831
3.48	0.013429836991858148
3.49	0.013397389676730057
3.5	0.013365008111786182
3.5100000000000002	0.01333269287316362
3.52	0.013300444517705705
3.5300000000000002	0.01326826358340826
3.54	0.013236150589855337
3.5500000000000003	0.013204106038644832
3.56	0.013172130413804335
3.57	0.013140224182197485
3.58	0.013108387793920677
3.59	0.013076621682690885
3.6	0.013044926266224563
3.61	0.013013301946607792
3.62	0.012981749110657831
3.63	0.012950268130276646
3.64	0.012918859362796277
3.65	0.012887523151316185
3.66	0.012856259825033179
3.67	0.012825069699563521
3.68	0.012793953077258077
3.69	0.012762910247510004
3.7	0.012731941487055762
3.71	0.012701047060268946
3.72	0.012670227219447943
3.73	0.012639482205096678
3.74	0.012608812246199318
3.75	0.012578217560488674
3.7600000000000002	0.012547698354708644
3.77	0.012517254824870596
3.7800000000000002	0.012486887156504325
3.79	0.012456595524902967
3.8000000000000003	0.012426380095362944
3.81	0.012396241023418082
3.82	0.0123661784550687
3.83	0.012336192527005766
3.84	0.01230628336682971
3.85	0.012276451093264707
3.86	0.012246695816368043
3.87	0.01221701763773469
3.88	0.01218741665069771
3.89	0.012157892940523954
3.9	0.012128446584605494
3.91	0.012099077652646825
3.92	0.012069786206847996
3.93	0.012040572302083592
3.94	0.012011435986077922
3.95	0.01198237729957618
3.96	0.011953396276511975
3.97	0.011924492944171205
3.98	0.01189566732335207
3.99	0.011866919428522056
4.	0.01183824926797098
4.01	0.011809656843960945
4.02	0.011781142152873056
4.03	0.01175270518535075
4.04	0.011724345926440179
4.050000000000001	0.011696064355727417
4.0600000000000005	0.011667860447472594
4.07	0.011639734170741413
4.08	0.01161168548953348
4.09	0.011583714362907902
4.1	0.011555820745106408
4.109999999999999	0.011528004585673435
4.12	0.011500265829573903
4.13	0.011472604417308175
4.140000000000001	0.011445020285024704
4.15	0.011417513364630255
4.16	0.011390083583897582
4.17	0.011362730866570905
4.18	0.01133545513246899
4.1899999999999995	0.011308256297586144
4.2	0.011281134274190896
4.21	0.011254088970922638
4.220000000000001	0.011227120292886068
4.23	0.011200228141743717
4.24	0.011173412415806397
4.25	0.011146673010121639
4.26	0.01112000981656043
4.27	0.011093422723901881
4.28	0.011066911617916104
4.29	0.01104047638144533
4.300000000000001	0.01101411689448335
4.3100000000000005	0.010987833034253104
4.32	0.010961624675282642
4.33	0.010935491689479547
4.34	0.010909433946203596
4.35	0.01088345131233795
4.359999999999999	0.010857543652358855
4.37	0.010831710828403625
4.38	0.010805952700337521
4.390000000000001	0.010780269125818774
4.4	0.010754659960362534
4.41	0.01072912505740327
4.42	0.010703664268355884
4.43	0.0106782774426755
4.4399999999999995	0.010652964427915907
4.45	0.010627725069786851
4.46	0.010602559212210034
4.470000000000001	0.010577466697373795
4.48	0.010552447365786874
4.49	0.010527501056330683
4.5	0.01050262760631074
4.51	0.010477826851506873
4.52	0.010453098626222289
4.53	0.01042844276333156
4.54	0.010403859094327797
4.550000000000001	0.01037934744936852
4.5600000000000005	0.010354907657320759
4.57	0.010330539545804927
4.58	0.010306242941238046
4.59	0.010282017668875746
4.6	0.010257863552853604
4.609999999999999	0.010233780416227386
4.62	0.010209768081012493
4.63	0.010185826368222569
4.640000000000001	0.010161955097907236
4.65	0.010138154089189038
4.66	0.010114423160299495
4.67	0.010090762128614478
4.68	0.010067170810688749
4.6899999999999995	0.010043649022289755
4.7	0.010020196578430679
4.71	0.00999681329340277
4.720000000000001	0.009973498980806935
4.73	0.009950253453584747
4.74	0.009927076524048563
4.75	0.009903968003911206
4.76	0.009880927704314814
4.77	0.00985795543585917
4.78	0.009835051008629334
4.79	0.009812214232222692
4.800000000000001	0.00978944491577538
4.8100000000000005	0.009766742867988175
4.82	0.009744107897151709
4.83	0.009721539811171269
4.84	0.0096990384175909
4.85	0.009676603523616996
4.859999999999999	0.009654234936141462
4.87	0.009631932461764234
4.88	0.009609695906815392
4.890000000000001	0.0095875250773766
4.9	0.009565419779302363
4.91	0.009543379818240485
4.92	0.009521404999652252
4.93	0.009499495128832093
4.9399999999999995	0.009477650010926826
4.95	0.009455869450954404
4.96	0.009434153253822292
4.970000000000001	0.0094125012243454
4.98	0.009390913167263605
4.99	0.009369388887258827
5.	0.009347928188971809
5.01	0.009326530877018367
5.0200000000000005	0.009305196756005451
5.03	0.009283925630546551
5.04	0.009262717305277132
5.05	0.00924157158486926
5.0600000000000005	0.009220488274046253
5.07	0.009199467177596824
5.08	0.009178508100388831
5.09	0.009157610847382864
5.1	0.009136775223645368
5.11	0.009116001034361474
5.12	0.009095288084847613
5.13	0.009074636180563719
5.14	0.009054045127125206
5.15	0.009033514730314569
5.16	0.009013044796092813
5.17	0.008992635130610504
5.18	0.008972285540218658
5.19	0.008951995831479187
5.2	0.008931765811175293
5.21	0.008911595286321395
5.22	0.00889148406417304
5.23	0.008871431952236298
5.24	0.00885143875827717
5.25	0.008831504290330557
5.26	0.008811628356709142
5.2700000000000005	0.008791810766011973
5.28	0.008772051327132805
5.29	0.008752349849268311
5.3	0.008732706141925986
5.3100000000000005	0.008713120014931864
5.32	0.008693591278438115
5.33	0.008674119742930312
5.34	0.00865470521923458
5.3500000000000005	0.008635347518524562
5.36	0.00861604645232811
5.37	0.008596801832533916
5.38	0.008577613471397863
5.39	0.008558481181549232
5.4	0.00853940477599677
5.41	0.008520384068134464
5.42	0.008501418871747362
5.43	0.008482509001017028
5.44	0.008463654270526937
5.45	0.008444854495267691
5.46	0.008426109490642068
5.47	0.00840741907247
5.48	0.008388783056993239
5.49	0.008370201260880075
5.5	0.008351673501229758
5.51	0.008333199595576877
5.5200000000000005	0.00831477936189557
5.53	0.008296412618603541
5.54	0.008278099184566099
5.55	0.008259838879099918
5.5600000000000005	0.008241631521976758
5.57	0.008223476933426992
5.58	0.00820537493414312
5.59	0.008187325345283094
5.6000000000000005	0.008169327988473493
5.61	0.008151382685812726
5.62	0.008133489259873918
5.63	0.008115647533707887
5.64	0.008097857330845911
5.65	0.00808011847530242
5.66	0.008062430791577561
5.67	0.00804479410465968
5.68	0.008027208240027749
5.69	0.008009673023653636
5.7	0.00799218828200431
5.71	0.007974753842043948
5.72	0.007957369531235953
5.73	0.007940035177544904
5.74	0.007922750609438428
5.75	0.007905515655888892
5.76	0.00788833014637521
5.7700000000000005	0.007871193910884295
5.78	0.007854106779912733
5.79	0.007837068584468148
5.8	0.007820079156070614
5.8100000000000005	0.007803138326753939
5.82	0.007786245929066932
5.83	0.007769401796074509
5.84	0.00775260576135885
5.8500000000000005	0.007735857659020376
5.86	0.007719157323678755
5.87	0.007702504590473747
5.88	0.0076858992950660935
5.89	0.007669341273638248
5.9	0.007652830362895093
5.91	0.007636366400064651
5.92	0.007619949222898607
5.93	0.007603578669672878
5.94	0.007587254579188124
5.95	0.007570976790770108
5.96	0.007554745144270191
5.97	0.007538559480065556
5.98	0.007522419639059504
5.99	0.007506325462681744
6.	0.007490276792888512
6.01	0.0074742734721627326
6.0200000000000005	0.007458315343514105
6.03	0.0074424022504791035
6.04	0.007426534037121058
6.05	0.007410710548030037
6.0600000000000005	0.007394931628322837
6.07	0.0073791971236427225
6.08	0.007363506880159462
6.09	0.0073478607445689225
6.1000000000000005	0.007332258564092938
6.11	0.0073167001864790256
6.12	0.007301185460000031
6.13	0.00728571423345377
6.14	0.007270286356162695
6.15	0.007254901677973437
6.16	0.007239560049256339
6.17	0.007224261320905015
6.18	0.007209005344335791
6.19	0.007193791971487146
6.2	0.007178621054819203
6.21	0.007163492447313051
6.22	0.007148406002470138
6.23	0.007133361574311594
6.24	0.007118359017377576
6.25	0.0071033981867264775
6.26	0.007088478937934273
6.2700000000000005	0.007073601127093691
6.28	0.007058764610813433
6.29	0.007043969246217337
6.3	0.007029214890943591
6.3100000000000005	0.007014501403143837
6.32	0.006999828641482264
6.33	0.006985196465134738
6.34	0.0069706047337878265
6.3500000000000005	0.006956053307637945
6.36	0.006941542047390253
6.37	0.0069270708142577875
6.38	0.006912639469960383
6.39	0.0068982478767236795
6.4	0.006883895897278068
6.41	0.006869583394857625
6.42	0.006855310233199033
6.43	0.006841076276540534
6.44	0.006826881389620747
6.45	0.006812725437677583
6.46	0.006798608286447104
6.47	0.006784529802162356
6.48	0.006770489851552225
6.49	0.006756488301840229
6.5	0.006742525020743298
6.51	0.006728599876470642
6.5200000000000005	0.006714712737722458
6.53	0.006700863473688713
6.54	0.006687051954047949
6.55	0.006673278048965895
6.5600000000000005	0.006659541629094395
6.57	0.006645842565569948
6.58	0.006632180730012483
6.59	0.006618555994524131
6.6000000000000005	0.006604968231687798
6.61	0.006591417314565902
6.62	0.006577903116699061
6.63	0.006564425512104742
6.64	0.006550984375275897
6.65	0.006537579581179624
6.66	0.006524211005255802
6.67	0.006510878523415764
6.68	0.006497582012040842
6.69	0.006484321347981047
6.7	0.006471096408553652
6.71	0.006457907071541812
6.72	0.006444753215193144
6.73	0.006431634718218338
6.74	0.006418551459789732
6.75	0.006405503319539873
6.76	0.006392490177560124
6.7700000000000005	0.006379511914399238
6.78	0.006366568411061898
6.79	0.006353659549007294
6.8	0.0063407852101476595
6.8100000000000005	0.006327945276846861
6.82	0.0063151396319189165
6.83	0.006302368158626545
6.84	0.006289630740679726
6.8500000000000005	0.006276927262234213
6.86	0.006264257607890102
6.87	0.006251621662690309
6.88	0.006239019312119181
6.89	0.00622645044210095
6.9	0.006213914938998272
6.91	0.006201412689610798
6.92	0.006188943581173629
6.93	0.006176507501355907
6.94	0.006164104338259235
6.95	0.006151733980416303
6.96	0.006139396316789323
6.97	0.006127091236768581
6.98	0.006114818630170924
6.99	0.006102578387238302
7.	0.006090370398636251
7.01	0.00607819455545243
7.0200000000000005	0.006066050749195091
7.03	0.0060539388717916354
7.04	0.006041858815587092
7.05	0.006029810473342643
7.0600000000000005	0.0060177937382341114
7.07	0.006005808503850498
7.08	0.005993854664192464
7.09	0.005981932113670874
7.1000000000000005	0.005970040747105279
7.11	0.00595818045972242
7.12	0.005946351147154792
7.13	0.005934552705439098
7.140000000000001	0.005922785031014782
7.15	0.005911048020722562
7.16	0.00589934157180293
7.17	0.005887665581894676
7.18	0.005876019949033385
7.19	0.005864404571650003
7.2	0.005852819348569312
7.21	0.0058412641790084804
7.22	0.005829738962575573
7.23	0.005818243599268104
7.24	0.005806777989471531
7.25	0.005795342033957796
7.26	0.00578393563388389
7.2700000000000005	0.005772558690790338
7.28	0.00576121110659978
7.29	0.005749892783615485
7.3	0.005738603624519884
7.3100000000000005	0.005727343532373161
7.32	0.0057161124106117405
7.33	0.005704910163046875
7.34	0.005693736693863192
7.3500000000000005	0.005682591907617238
7.36	0.005671475709236037
7.37	0.005660388004015663
7.38	0.005649328697619784
7.390000000000001	0.005638297696078261
7.4	0.005627294905785661
7.41	0.00561632023349988
7.42	0.00560537358634071
7.43	0.00559445487178839
7.44	0.005583563997682219
7.45	0.005572700872219105
7.46	0.005561865403952188
7.47	0.005551057501789428
7.48	0.00554027707499215
7.49	0.005529524033173724
7.5	0.005518798286298087
7.51	0.005508099744678394
7.5200000000000005	0.00549742831897563
7.53	0.005486783920197183
7.54	0.005476166459695476
7.55	0.005465575849166625
7.5600000000000005	0.005455012000649006
7.57	0.005444474826521902
7.58	0.005433964239504153
7.59	0.005423480152652736
7.6000000000000005	0.0054130224793614784
7.61	0.00540259113335964
7.62	0.005392186028710582
7.63	0.005381807079810394
7.640000000000001	0.005371454201386577
7.65	0.0053611273084967015
7.66	0.005350826316527038
7.67	0.005340551141191226
7.68	0.005330301698528974
7.69	0.0053200779049047105
7.7	0.00530987967700626
7.71	0.0052997069318435255
7.72	0.005289559586747179
7.73	0.005279437559367326
7.74	0.005269340767672259
7.75	0.005259269129947081
7.76	0.005249222564792444
7.7700000000000005	0.005239200991123275
7.78	0.005229204328167434
7.79	0.005219232495464472
7.8	0.005209285412864328
7.8100000000000005	0.005199363000526053
7.82	0.005189465178916553
7.83	0.005179591868809295
7.84	0.005169742991283057
7.8500000000000005	0.005159918467720659
7.86	0.00515011821980773
7.87	0.005140342169531422
7.88	0.005130590239179177
7.890000000000001	0.005120862351337493
7.9	0.005111158428890674
7.91	0.0051014783950195965
7.92	0.005091822173200484
7.93	0.005082189687203673
7.94	0.005072580861092398
7.95	0.005062995619221563
7.96	0.005053433886236547
7.97	0.005043895587071988
7.98	0.0050343806469505545
7.99	0.005024888991381792
8.	0.005015420546160881
8.01	0.005005975237367478
8.02	0.004996552991364511
8.030000000000001	0.004987153734797013
8.04	0.004977777394590912
8.05	0.004968423897951888
8.06	0.004959093172364209
8.07	0.00494978514558954
8.08	0.004940499745665769
8.09	0.00493123690090591
8.100000000000001	0.004921996539896899
8.11	0.004912778591498471
8.120000000000001	0.004903582984841984
8.129999999999999	0.004894409649329335
8.14	0.004885258514631775
8.15	0.004876129510688796
8.16	0.004867022567707032
8.17	0.004857937616159086
8.18	0.0048488745867824486
8.190000000000001	0.004839833410578383
8.2	0.004830814018810796
8.21	0.004821816343005162
8.219999999999999	0.004812840314947385
8.23	0.004803885866682767
8.24	0.00479495293051484
8.25	0.004786041439004323
8.26	0.004777151324968043
8.27	0.004768282521477835
8.280000000000001	0.0047594349618594834
8.29	0.004750608579691652
8.3	0.004741803308804797
8.31	0.004733019083280145
8.32	0.004724255837448589
8.33	0.004715513505889685
8.34	0.004706792023430579
8.350000000000001	0.004698091325144926
8.36	0.004689411346351942
8.370000000000001	0.004680752022615263
8.379999999999999	0.004672113289742007
8.39	0.0046634950837816675
8.4	0.004654897341025152
8.41	0.004646319998003729
8.42	0.004637762991488024
8.43	0.004629226258487009
8.440000000000001	0.004620709736246979
8.45	0.004612213362250602
8.46	0.004603737074215844
8.469999999999999	0.004595280810095039
8.48	0.004586844508073868
8.49	0.0045784281065703895
8.5	0.004570031544234048
8.51	0.004561654759944681
8.52	0.004553297692811596
8.530000000000001	0.00454496028217254
8.54	0.004536642467592773
8.55	0.004528344188864102
8.56	0.004520065386003911
8.57	0.004511805999254221
8.58	0.004503565969080744
8.59	0.004495345236171896
8.600000000000001	0.004487143741437943
8.61	0.004478961426009962
8.620000000000001	0.0044707982312389895
8.629999999999999	0.004462654098695042
8.64	0.004454528970166213
8.65	0.004446422787657764
8.66	0.004438335493391159
8.67	0.004430267029803217
8.68	0.004422217339545146
8.690000000000001	0.004414186365481668
8.7	0.0044061740506901115
8.71	0.004398180338459514
8.719999999999999	0.004390205172289725
8.73	0.00438224849589052
8.74	0.004374310253180694
8.75	0.004366390388287233
8.76	0.00435848884554436
8.77	0.004350605569492734
8.780000000000001	0.0043427405048785134
8.79	0.00433489359665255
8.8	0.004327064789969477
8.81	0.004319254030186873
8.82	0.004311461262864411
8.83	0.0043036864337629745
8.84	0.004295929488843855
8.850000000000001	0.0042881903742678805
8.86	0.004280469036394556
8.870000000000001	0.004272765421781263
8.879999999999999	0.004265079477182429
8.89	0.004257411149548646
8.9	0.004249760386025893
8.91	0.0042421271339546885
8.92	0.004234511340869294
8.93	0.0042269129544968715
8.940000000000001	0.004219331922756694
8.95	0.004211768193759321
8.96	0.004204221715805795
8.969999999999999	0.004196692437386853
8.98	0.004189180307182118
8.99	0.004181685274059309
9.	0.00417420728707344
9.01	0.004166746295466059
9.02	0.004159302248664416
9.03	0.004151875096280748
9.040000000000001	0.004144464788111447
9.05	0.004137071274136308
9.06	0.004129694504517753
9.07	0.004122334429600076
9.08	0.004114990999908678
9.09	0.004107664166149282
9.1	0.00410035387920721
9.11	0.004093060090146623
9.120000000000001	0.004085782750209742
9.13	0.004078521810816145
9.14	0.00407127722356198
9.15	0.004064048940219276
9.16	0.004056836912735159
9.17	0.00404964109323113
9.18	0.0040424614340023625
9.19	0.004035297887516951
9.2	0.004028150406415175
9.21	0.004021018943508825
9.22	0.00401390345178043
9.23	0.0040068038843825825
9.24	0.003999720194637224
9.25	0.0039926523360349145
9.26	0.003985600262234147
9.27	0.0039785639270606375
9.28	0.003971543284506644
9.290000000000001	0.003964538288730249
9.3	0.003957548894054689
9.31	0.003950575054967635
9.32	0.003943616726120546
9.33	0.003936673862327956
9.34	0.00392974641856681
9.35	0.003922834349975775
9.36	0.003915937611854591
9.370000000000001	0.003909056159663373
9.38	0.0039021899490219512
9.39	0.0038953389357092205
9.4	0.0038885030756624604
9.41	0.003881682324976689
9.42	0.0038748766399040054
9.43	0.003868085976852933
9.44	0.003861310292387767
9.45	0.003854549543227945
9.46	0.0038478036862473835
9.47	0.0038410726784738488
9.48	0.0038343564770883126
9.49	0.0038276550394243103
9.5	0.0038209683229673396
9.51	0.003814296285354185
9.52	0.003807638884372336
9.53	0.003800996077959327
9.540000000000001	0.003794367824202145
9.55	0.0037877540813365932
9.56	0.00378115480774668
9.57	0.0037745699619640112
9.58	0.003767999502667168
9.59	0.003761443388681121
9.6	0.0037549015789766055
9.61	0.003748374032669518
9.620000000000001	0.003741860709020359
9.63	0.003735361567433566
9.64	0.003728876567456989
9.65	0.003722405668781249
9.66	0.0037159488312391896
9.67	0.0037095060148052508
9.68	0.0037030771795949213
9.69	0.003696662285864138
9.700000000000001	0.0036902612940087247
9.71	0.0036838741645637964
9.72	0.0036775008582032045
9.73	0.0036711413357389546
9.74	0.003664795558120647
9.75	0.003658463486434912
9.76	0.003652145081904843
9.77	0.0036458403058894405
9.78	0.0036395491198830494
9.790000000000001	0.003633271485514816
9.8	0.0036270073645481237
9.81	0.00362075671888005
9.82	0.003614519510540819
9.83	0.003608295701693247
9.84	0.0036020852546322204
9.85	0.0035958881317841415
9.86	0.003589704295706386
9.870000000000001	0.00358353370908678
9.88	0.003577376334743071
9.89	0.003571232135622389
9.9	0.003565101074800702
9.91	0.003558983115482328
9.92	0.003552878220999395
9.93	0.0035467863548112985
9.94	0.0035407074805042186
9.950000000000001	0.003534641561790587
9.96	0.0035285885625085723
9.97	0.003522548446621569
9.98	0.0035165211782176987
9.99	0.003510506721509285
10.	0.003504505040832373
10.01	0.003498516100646191
10.02	0.003492539865532703
10.03	0.003486576300196062
10.040000000000001	0.0034806253694621364
10.05	0.0034746870382780185
10.06	0.003468761271711532
10.07	0.003462848034950739
10.08	0.003456947293303452
10.09	0.003451059012196752
10.1	0.003445183157176524
10.11	0.003439319693906931
10.120000000000001	0.0034334685881699926
10.13	0.003427629805865074
10.14	0.003421803313008418
10.15	0.0034159890757326714
10.16	0.003410187060286438
10.17	0.0034043972330337767
10.18	0.0033986195604537675
10.19	0.0033928540091400228
10.200000000000001	0.0033871005458002527
10.21	0.0033813591372557814
10.22	0.003375629750441098
10.23	0.003369912352403422
10.24	0.0033642069103022266
10.25	0.003358513391408783
10.26	0.003352831763105743
10.27	0.0033471619928866513
10.28	0.003341504048355552
10.290000000000001	0.0033358578972264913
10.3	0.003330223507323115
10.31	0.003324600846578211
10.32	0.0033189898830332954
10.33	0.0033133905848381343
10.34	0.003307802920250366
10.35	0.003302226857635023
10.36	0.0032966623654641365
10.370000000000001	0.0032911094123162796
10.38	0.003285567966876175
10.39	0.00328003799793424
10.4	0.0032745194743861953
10.41	0.003269012365232614
10.42	0.0032635166395785383
10.43	0.0032580322666330304
10.44	0.0032525592157087832
10.450000000000001	0.0032470974562216976
10.46	0.003241646957690477
10.47	0.0032362076897362074
10.48	0.0032307796220819706
10.49	0.0032253627245524253
10.5	0.0032199569670734065
10.51	0.0032145623196715278
10.52	0.0032091787524737786
10.53	0.003203806235707131
10.540000000000001	0.0031984447396981347
10.55	0.0031930942348725446
10.56	0.0031877546917548935
10.57	0.0031824260809681405
10.58	0.003177108373233253
10.59	0.0031718015393688358
10.6	0.0031665055502907388
10.61	0.003161220377011675
10.620000000000001	0.0031559459906408405
10.63	0.0031506823623835296
10.64	0.0031454294635407626
10.65	0.003140187265508914
10.66	0.0031349557397793108
10.67	0.0031297348579379
10.68	0.0031245245916648352
10.69	0.0031193249127341384
10.700000000000001	0.0031141357930133153
10.71	0.0031089572044629963
10.72	0.003103789119136559
10.73	0.0030986315091797844
10.74	0.0030934843468304754
10.75	0.0030883476044181084
10.76	0.0030832212543634684
10.77	0.0030781052691783027
10.78	0.003072999621464937
10.790000000000001	0.0030679042839159704
10.8	0.003062819229313869
10.81	0.00305774443053065
10.82	0.0030526798605275264
10.83	0.0030476254923545447
10.84	0.0030425812991502583
10.85	0.003037547254141373
10.86	0.0030325233306423924
10.870000000000001	0.003027509502055307
10.88	0.0030225057418692197
10.89	0.003017512023660034
10.9	0.003012528321090097
10.91	0.0030075546079078716
10.92	0.0030025908579476056
10.93	0.002997637045129008
10.94	0.0029926931434568886
10.950000000000001	0.00298775912702085
10.96	0.002982834969994958
10.97	0.0029779206466374075
10.98	0.0029730161312902094
10.99	0.0029681213983788492
11.	0.002963236422411967
11.01	0.0029583611779810653
11.02	0.0029534956397601372
11.03	0.0029486397825054067
11.040000000000001	0.002943793581054967
11.05	0.0029389570103284697
11.06	0.0029341300453268374
11.07	0.0029293126611319308
11.08	0.0029245048329062362
11.09	0.0029197065358925627
11.1	0.0029149177454137302
11.11	0.002910138436872263
11.120000000000001	0.0029053685857500866
11.13	0.002900608167608205
11.14	0.0028958571580864336
11.15	0.0028911155329030603
11.16	0.0028863832678545577
11.17	0.0028816603388152995
11.18	0.0028769467217372347
11.19	0.002872242392649614
11.200000000000001	0.0028675473276586795
11.21	0.0028628615029473786
11.22	0.0028581848947750676
11.23	0.0028535174794772165
11.24	0.002848859233465131
11.25	0.00284421013322565
11.26	0.0028395701553208634
11.27	0.002834939276387825
11.28	0.002830317473138259
11.290000000000001	0.002825704722358305
11.3	0.002821101000908189
11.31	0.002816506285721982
11.32	0.0028119205538072994
11.33	0.002807343782245027
11.34	0.0028027759481890407
11.35	0.00279821702886593
11.36	0.002793667001574732
11.370000000000001	0.0027891258436866387
11.38	0.002784593532644732
11.39	0.0027800700459637293
11.4	0.002775555361229676
11.41	0.0027710494560997103
11.42	0.0027665523083017776
11.43	0.002762063895634358
11.44	0.0027575841959662185
11.450000000000001	0.002753113187236131
11.46	0.00274865084745262
11.47	0.002744197154693693
11.48	0.002739752087106574
11.49	0.0027353156229074555
11.5	0.0027308877403812333
11.51	0.002726468417881244
11.52	0.002722057633829017
11.53	0.0027176553667139984
11.540000000000001	0.0027132615950933373
11.55	0.0027088762975915766
11.56	0.0027044994529004476
11.57	0.0027001310397785933
11.58	0.0026957710370513186
11.59	0.0026914194236103556
11.6	0.002687076178413597
11.61	0.002682741280484858
11.620000000000001	0.002678414708913641
11.63	0.002674096442854859
11.64	0.0026697864615286247
11.65	0.0026654847442199843
11.66	0.0026611912702786955
11.67	0.00265690601911896
11.68	0.002652628970219213
11.69	0.0026483601031218546
11.700000000000001	0.0026440993974330383
11.71	0.0026398468328224256
11.72	0.002635602389022928
11.73	0.002631366045830503
11.74	0.0026271377831039136
11.75	0.0026229175807644784
11.76	0.0026187054187958524
11.77	0.002614501277243795
11.78	0.0026103051362159416
11.790000000000001	0.0026061169758815647
11.8	0.0026019367764713625
11.81	0.0025977645182772113
11.82	0.0025936001816519653
11.83	0.0025894437470091935
11.84	0.002585295194823001
11.85	0.0025811545056277654
11.86	0.002577021660017944
11.870000000000001	0.0025728966386478307
11.88	0.002568779422231355
11.89	0.002564669991541836
11.9	0.002560568327411801
11.91	0.0025564744107327278
11.92	0.002552388222454861
11.93	0.002548309743586971
11.94	0.002544238955196162
11.950000000000001	0.002540175838407633
11.96	0.002536120374404485
11.97	0.0025320725444275063
11.98	0.002528032329774946
11.99	0.00252399971180232
12.	0.0025199746719221892
12.01	0.002515957191603966
12.02	0.002511947252373692
12.03	0.0025079448358138355
12.040000000000001	0.00250394992356309
12.05	0.0024999624973161554
12.06	0.0024959825388235586
12.07	0.0024920100298914277
12.08	0.0024880449523812928
12.09	0.0024840872882098937
12.1	0.0024801370193489694
12.11	0.0024761941278250645
12.120000000000001	0.0024722585957193247
12.13	0.0024683304051673015
12.14	0.0024644095383587607
12.15	0.002460495977537472
12.16	0.002456589705001014
12.17	0.0024526907031006046
12.18	0.0024487989542408676
12.19	0.002444914440879673
12.200000000000001	0.0024410371455279157
12.21	0.002437167050749353
12.22	0.002433304139160387
12.23	0.0024294483934298957
12.24	0.002425599796279025
12.25	0.0024217583304810097
12.26	0.0024179239788609972
12.27	0.0024140967242958296
12.28	0.002410276549713885
12.290000000000001	0.002406463438094878
12.3	0.0024026573724696917
12.31	0.002398858335920161
12.32	0.002395066311578929
12.33	0.0023912812826292285
12.34	0.002387503232304732
12.35	0.002383732143889342
12.36	0.002379968000717031
12.370000000000001	0.00237621078617165
12.38	0.0023724604836867693
12.39	0.0023687170767454674
12.4	0.002364980548880181
12.41	0.00236125088367252
12.42	0.0023575280647530903
12.43	0.0023538120758013203
12.44	0.002350102900545284
12.450000000000001	0.0023464005227615326
12.46	0.002342704926274915
12.47	0.0023390160949584137
12.48	0.002335334012732953
12.49	0.0023316586635672687
12.5	0.002327990031477692
12.51	0.002324328100528011
12.52	0.0023206728548292887
12.53	0.002317024278539697
12.540000000000001	0.002313382355864347
12.55	0.0023097470710551405
12.56	0.0023061184084105725
12.57	0.002302496352275591
12.58	0.0022988808870414218
12.59	0.0022952719971454055
12.6	0.0022916696670708457
12.61	0.0022880738813468153
12.620000000000001	0.00228448462454804
12.63	0.002280901881294693
12.64	0.0022773256362522668
12.65	0.002273755874131391
12.66	0.0022701925796876888
12.67	0.0022666357377216077
12.68	0.0022630853330782696
12.69	0.002259541350647306
12.700000000000001	0.0022560037753627067
12.71	0.002252472592202661
12.72	0.002248947786189406
12.73	0.0022454293423890587
12.74	0.0022419172459114834
12.75	0.0022384114819101212
12.76	0.002234912035581847
12.77	0.002231418892166804
12.78	0.0022279320369482714
12.790000000000001	0.0022244514552524908
12.8	0.0022209771324485385
12.81	0.0022175090539481553
12.82	0.0022140472052056205
12.83	0.002210591571717563
12.84	0.0022071421390228736
12.85	0.002203698892702497
12.86	0.0022002618183793224
12.870000000000001	0.0021968309017180235
12.88	0.0021934061284249197
12.89	0.0021899874842478168
12.9	0.002186574954975888
12.91	0.0021831685264395028
12.92	0.0021797681845100963
12.93	0.0021763739151000354
12.94	0.0021729857041624476
12.950000000000001	0.0021696035376911216
12.96	0.002166227401720326
12.97	0.0021628572823246925
12.98	0.0021594931656190716
12.99	0.0021561350377583867
13.	0.0021527828849375
13.01	0.0021494366933910813
13.02	0.0021460964493934544
13.030000000000001	0.002142762139258472
13.040000000000001	0.0021394337493393753
13.05	0.0021361112660286544
13.06	0.0021327946757579326
13.07	0.002129483964997795
13.08	0.002126179120257685
13.09	0.002122880128085761
13.1	0.0021195869750687607
13.11	0.0021162996478318688
13.120000000000001	0.0021130181330385866
13.13	0.0021097424173906047
13.14	0.002106472487627656
13.15	0.0021032083305273976
13.16	0.0020999499329052893
13.17	0.002096697281614444
13.18	0.0020934503635455094
13.19	0.0020902091656265376
13.200000000000001	0.0020869736748228554
13.21	0.002083743878136942
13.22	0.002080519762608297
13.23	0.002077301315313316
13.24	0.0020740885233651632
13.25	0.0020708813739136415
13.26	0.0020676798541450782
13.27	0.0020644839512821925
13.280000000000001	0.002061293652583974
13.290000000000001	0.0020581089453455582
13.3	0.0020549298168981
13.31	0.0020517562546086567
13.32	0.002048588245880064
13.33	0.0020454257781508146
13.34	0.0020422688388949378
13.35	0.0020391174156218733
13.36	0.0020359714958763566
13.370000000000001	0.0020328310672382945
13.38	0.0020296961173226634
13.39	0.002026566633779354
13.4	0.0020234426042930907
13.41	0.0020203240165832938
13.42	0.0020172108584039622
13.43	0.00201410311754357
13.44	0.002011000781824927
13.450000000000001	0.0020079038391050937
13.46	0.002004812277275228
13.47	0.0020017260842605045
13.48	0.0019986452480199824
13.49	0.0019955697565464904
13.5	0.0019924995978665185
13.51	0.0019894347600401116
13.52	0.001986375231160729
13.530000000000001	0.001983320999355171
13.540000000000001	0.0019802720527834355
13.55	0.0019772283796386197
13.56	0.001974189968146808
13.57	0.001971156806566957
13.58	0.0019681288831907956
13.59	0.001965106186342701
13.6	0.001962088704379598
13.61	0.001959076425690852
13.620000000000001	0.00195606933869815
13.63	0.0019530674318554034
13.64	0.0019500706936486393
13.65	0.0019470791125958773
13.66	0.001944092677247054
13.67	0.001941111376183877
13.68	0.0019381351980197583
13.69	0.001935164131399679
13.700000000000001	0.0019321981650000889
13.71	0.0019292372875288277
13.72	0.0019262814877249797
13.73	0.0019233307543588057
13.74	0.001920385076231615
13.75	0.0019174444421756736
13.76	0.0019145088410541006
13.77	0.0019115782617607625
13.780000000000001	0.0019086526932201738
13.790000000000001	0.0019057321243873937
13.8	0.0019028165442479307
13.81	0.0018999059418176294
13.82	0.0018970003061425792
13.83	0.0018940996262990174
13.84	0.0018912038913932174
13.85	0.0018883130905614017
13.86	0.00188542721296963
13.870000000000001	0.0018825462478137195
13.88	0.0018796701843191268
13.89	0.001876799011740866
13.9	0.0018739327193633935
13.91	0.001871071296500533
13.92	0.0018682147324953604
13.93	0.001865363016720114
13.94	0.0018625161385761068
13.950000000000001	0.001859674087493609
13.96	0.0018568368529317805
13.97	0.0018540044243785594
13.98	0.0018511767913505662
13.99	0.0018483539433930168
14.	0.0018455358700796224
14.01	0.0018427225610125057
14.02	0.001839914005822096
14.030000000000001	0.0018371101941670551
14.040000000000001	0.0018343111157341475
14.05	0.001831516760238196
14.06	0.0018287271174219578
14.07	0.0018259421770560455
14.08	0.0018231619289388276
14.09	0.0018203863628963525
14.1	0.001817615468782239
14.11	0.001814849236477604
14.120000000000001	0.0018120876558909635
14.13	0.0018093307169581418
14.14	0.001806578409642195
14.15	0.0018038307239333063
14.16	0.0018010876498487064
14.17	0.0017983491774325859
14.18	0.0017956152967560028
14.19	0.0017928859979168073
14.200000000000001	0.0017901612710395358
14.21	0.0017874411062753378
14.22	0.001784725493801892
14.23	0.001782014423823313
14.24	0.0017793078865700608
14.25	0.0017766058722988728
14.26	0.0017739083712926616
14.27	0.0017712153738604402
14.280000000000001	0.0017685268703372303
14.290000000000001	0.001765842851083989
14.3	0.001763163306487521
14.31	0.0017604882269603816
14.32	0.001757817602940817
14.33	0.001755151424892665
14.34	0.0017524896833052788
14.35	0.0017498323686934367
14.36	0.00174717947159728
14.370000000000001	0.0017445309825822053
14.38	0.0017418868922388065
14.39	0.001739247191182779
14.4	0.0017366118700548464
14.41	0.0017339809195206725
14.42	0.0017313543302707977
14.43	0.001728732093020537
14.44	0.0017261141985099168
14.450000000000001	0.0017235006375035944
14.46	0.0017208914007907675
14.47	0.0017182864791851112
14.48	0.0017156858635246877
14.49	0.0017130895446718782
14.5	0.0017104975135132957
14.51	0.0017079097609597142
14.52	0.0017053262779459905
14.530000000000001	0.0017027470554309826
14.540000000000001	0.001700172084397484
14.55	0.0016976013558521344
14.56	0.0016950348608253544
14.57	0.0016924725903712616
14.58	0.0016899145355676038
14.59	0.0016873606875156741
14.6	0.0016848110373402472
14.61	0.0016822655761894927
14.620000000000001	0.0016797242952349097
14.63	0.0016771871856712578
14.64	0.0016746542387164635
14.65	0.0016721254456115667
14.66	0.0016696007976206326
14.67	0.0016670802860306998
14.68	0.0016645639021516828
14.69	0.001662051637316312
14.700000000000001	0.001659543482880063
14.71	0.0016570394302210863
14.72	0.0016545394707401257
14.73	0.0016520435958604519
14.74	0.0016495517970277988
14.75	0.0016470640657102842
14.76	0.0016445803933983368
14.77	0.001642100771604644
14.780000000000001	0.0016396251918640505
14.790000000000001	0.0016371536457335206
14.8	0.001634686124792055
14.81	0.0016322226206406094
14.82	0.0016297631249020499
14.83	0.0016273076292210673
14.84	0.0016248561252641144
14.85	0.0016224086047193387
14.86	0.0016199650592965051
14.870000000000001	0.001617525480726946
14.88	0.0016150898607634732
14.89	0.0016126581911803312
14.9	0.0016102304637731102
14.91	0.0016078066703586959
14.92	0.0016053868027751923
14.93	0.001602970852881866
14.94	0.0016005588125590638
14.950000000000001	0.0015981506737081602
14.96	0.0015957464282514956
14.97	0.0015933460681322946
14.98	0.0015909495853146142
14.99	0.0015885569717832733
15.	0.0015861682195437918
15.01	0.0015837833206223256
15.02	0.0015814022670655931
15.030000000000001	0.001579025050940829
15.040000000000001	0.001576651664335705
15.05	0.001574282099358276
15.06	0.0015719163481369121
15.07	0.0015695544028202324
15.08	0.0015671962555770533
15.09	0.0015648418985963182
15.1	0.0015624913240870316
15.11	0.0015601445242782053
15.120000000000001	0.0015578014914187956
15.13	0.001555462217777634
15.14	0.001553126695643374
15.15	0.0015507949173244287
15.16	0.0015484668751489005
15.17	0.0015461425614645384
15.18	0.001543821968638662
15.19	0.001541505089058105
15.200000000000001	0.001539191915129156
15.21	0.0015368824392775022
15.22	0.001534576653948167
15.23	0.0015322745516054453
15.24	0.0015299761247328566
15.25	0.0015276813658330701
15.26	0.0015253902674278615
15.27	0.0015231028220580405
15.280000000000001	0.0015208190222834078
15.290000000000001	0.0015185388606826836
15.3	0.0015162623298534523
15.31	0.0015139894224121093
15.32	0.001511720130993805
15.33	0.0015094544482523735
15.34	0.001507192366860294
15.35	0.001504933879508624
15.36	0.0015026789789069417
15.370000000000001	0.0015004276577832922
15.38	0.0014981799088841334
15.39	0.0014959357249742767
15.4	0.0014936950988368215
15.41	0.0014914580232731286
15.42	0.0014892244911027292
15.43	0.0014869944951632925
15.44	0.001484768028310562
15.450000000000001	0.0014825450834183088
15.46	0.001480325653378261
15.47	0.001478109731100066
15.48	0.0014758973095112301
15.49	0.0014736883815570556
15.5	0.0014714829402005989
15.51	0.0014692809784226147
15.52	0.0014670824892214958
15.530000000000001	0.0014648874656132255
15.540000000000001	0.001462695900631324
15.55	0.0014605077873267945
15.56	0.0014583231187680697
15.57	0.0014561418880409552
15.58	0.0014539640882485882
15.59	0.0014517897125113706
15.6	0.0014496187539669355
15.61	0.001447451205770074
15.620000000000001	0.0014452870610927003
15.63	0.0014431263131237904
15.64	0.0014409689550693367
15.65	0.0014388149801522938
15.66	0.0014366643816125266
15.67	0.0014345171527067626
15.68	0.001432373286708535
15.69	0.0014302327769081446
15.700000000000001	0.0014280956166125957
15.71	0.0014259617991455552
15.72	0.0014238313178472986
15.73	0.0014217041660746603
15.74	0.0014195803372009813
15.75	0.001417459824616074
15.76	0.001415342621726151
15.77	0.001413228721953789
15.780000000000001	0.0014111181187378872
15.790000000000001	0.0014090108055335993
15.8	0.0014069067758123019
15.81	0.0014048060230615323
15.82	0.0014027085407849536
15.83	0.0014006143225023015
15.84	0.00139852336174933
15.85	0.0013964356520777723
15.86	0.0013943511870552884
15.870000000000001	0.0013922699602654171
15.88	0.001390191965307541
15.89	0.0013881171957968186
15.9	0.0013860456453641526
15.91	0.0013839773076561354
15.92	0.001381912176335013
15.93	0.0013798502450786268
15.94	0.001377791507580373
15.950000000000001	0.0013757359575491531
15.96	0.0013736835887093349
15.97	0.001371634394800699
15.98	0.0013695883695783988
15.99	0.001367545506812909
16.	0.0013655058002899907
16.009999999999998	0.0013634692438106338
16.02	0.0013614358311910195
16.03	0.0013594055562624733
16.04	0.0013573784128714228
16.05	0.001355354394879351
16.060000000000002	0.00135333349616275
16.07	0.0013513157106130795
16.08	0.0013493010321367245
16.09	0.0013472894546549463
16.1	0.0013452809721038422
16.11	0.001343275578434306
16.12	0.0013412732676119682
16.130000000000003	0.0013392740336171784
16.14	0.0013372778704449386
16.15	0.001335284772104874
16.16	0.0013332947326211765
16.17	0.0013313077460325913
16.18	0.001329323806392332
16.189999999999998	0.0013273429077680719
16.200000000000003	0.0013253650442418892
16.21	0.0013233902099102288
16.22	0.0013214183988838495
16.23	0.0013194496052877944
16.240000000000002	0.0013174838232613449
16.25	0.0013155210469579823
16.259999999999998	0.0013135612705453394
16.27	0.0013116044882051589
16.28	0.0013096506941332635
16.29	0.001307699882539508
16.3	0.001305752047647732
16.310000000000002	0.0013038071836957328
16.32	0.0013018652849352101
16.33	0.0012999263456317399
16.34	0.0012979903600647184
16.35	0.0012960573225273405
16.36	0.0012941272273265445
16.37	0.0012922000687829755
16.380000000000003	0.0012902758412309567
16.39	0.0012883545390184282
16.4	0.001286436156506931
16.41	0.0012845206880715482
16.42	0.0012826081281008843
16.43	0.0012806984709970034
16.439999999999998	0.001278791711175418
16.450000000000003	0.0012768878430650188
16.46	0.0012749868611080669
16.47	0.0012730887597601319
16.48	0.0012711935334900639
16.490000000000002	0.0012693011767799542
16.5	0.0012674116841250999
16.509999999999998	0.0012655250500339596
16.52	0.001263641269028114
16.53	0.001261760335642237
16.54	0.0012598822444240556
16.55	0.001258006989934305
16.560000000000002	0.0012561345667467005
16.57	0.0012542649694478926
16.58	0.0012523981926374388
16.59	0.0012505342309277532
16.6	0.0012486730789440855
16.61	0.0012468147313244684
16.62	0.0012449591827196971
16.630000000000003	0.001243106427793279
16.64	0.0012412564612214033
16.65	0.001239409277692907
16.66	0.0012375648719092304
16.67	0.001235723238584392
16.68	0.001233884372444944
16.689999999999998	0.0012320482682299419
16.700000000000003	0.001230214920690901
16.71	0.0012283843245917748
16.72	0.0012265564747089045
16.73	0.0012247313658309887
16.740000000000002	0.0012229089927590579
16.75	0.0012210893503064259
16.759999999999998	0.0012192724332986582
16.77	0.0012174582365735412
16.78	0.0012156467549810448
16.79	0.0012138379833832901
16.8	0.0012120319166545098
16.810000000000002	0.0012102285496810225
16.82	0.001208427877361187
16.83	0.001206629894605375
16.84	0.0012048345963359376
16.85	0.0012030419774871693
16.86	0.0012012520330052755
16.87	0.0011994647578483363
16.880000000000003	0.0011976801469862782
16.89	0.0011958981954008287
16.9	0.0011941188980855019
16.91	0.001192342250045544
16.92	0.0011905682462979195
16.93	0.0011887968818712635
16.939999999999998	0.0011870281518058566
16.950000000000003	0.0011852620511535884
16.96	0.0011834985749779282
16.97	0.0011817377183538894
16.98	0.001179979476367999
16.990000000000002	0.0011782238441182624
17.	0.0011764708167141327
17.01	0.001174720389276481
17.02	0.0011729725569375614
17.03	0.0011712273148409785
17.04	0.0011694846581416576
17.05	0.0011677445820058089
17.06	0.0011660070816109037
17.07	0.0011642721521456334
17.080000000000002	0.0011625397888098887
17.09	0.0011608099868147162
17.1	0.0011590827413822933
17.11	0.0011573580477458997
17.12	0.0011556359011498853
17.13	0.0011539162968496296
17.14	0.0011521992301115288
17.15	0.0011504846962129482
17.16	0.0011487726904421977
17.17	0.0011470632080985044
17.18	0.0011453562444919806
17.19	0.001143651794943591
17.2	0.0011419498547851218
17.21	0.0011402504193591585
17.22	0.0011385534840190402
17.23	0.0011368590441288469
17.240000000000002	0.0011351670950633644
17.25	0.0011334776322080437
17.26	0.0011317906509589867
17.27	0.0011301061467229039
17.28	0.0011284241149170993
17.29	0.001126744550969425
17.3	0.0011250674503182631
17.31	0.0011233928084124886
17.32	0.0011217206207114504
17.330000000000002	0.0011200508826849367
17.34	0.0011183835898131384
17.35	0.0011167187375866344
17.36	0.0011150563215063533
17.37	0.0011133963370835505
17.38	0.0011117387798397736
17.39	0.0011100836453068403
17.4	0.0011084309290268037
17.41	0.001106780626551929
17.42	0.0011051327334446652
17.43	0.001103487245277615
17.44	0.0011018441576335026
17.45	0.0011002034661051568
17.46	0.0010985651662954751
17.47	0.0010969292538173967
17.48	0.0010952957242938723
17.490000000000002	0.0010936645733578504
17.5	0.0010920357966522317
17.51	0.0010904093898298495
17.52	0.001088785348553447
17.53	0.0010871636684956422
17.54	0.0010855443453389056
17.55	0.0010839273747755337
17.56	0.001082312752507618
17.57	0.0010807004742470205
17.580000000000002	0.0010790905357153475
17.59	0.001077482932643925
17.6	0.0010758776607737663
17.61	0.0010742747158555457
17.62	0.0010726740936495838
17.63	0.0010710757899258052
17.64	0.0010694798004637221
17.65	0.001067886121052405
17.66	0.0010662947474904601
17.67	0.001064705675585997
17.68	0.001063118901156604
17.69	0.0010615344200293325
17.7	0.0010599522280406535
17.71	0.001058372321036452
17.72	0.001056794694871981
17.73	0.0010552193454118506
17.740000000000002	0.0010536462685300035
17.75	0.001052075460109674
17.76	0.0010505069160433806
17.77	0.0010489406322328892
17.78	0.0010473766045891967
17.79	0.0010458148290324934
17.8	0.001044255301492152
17.81	0.0010426980179066977
17.82	0.0010411429742237784
17.830000000000002	0.0010395901664001462
17.84	0.0010380395904016305
17.85	0.001036491242203112
17.86	0.0010349451177885031
17.87	0.001033401213150716
17.88	0.0010318595242916483
17.89	0.001030320047222146
17.9	0.0010287827779619926
17.91	0.001027247712539874
17.92	0.0010257148469933657
17.93	0.0010241841773688928
17.94	0.0010226556997217258
17.95	0.0010211294101159412
17.96	0.0010196053046244067
17.97	0.0010180833793287495
17.98	0.001016563630319344
17.990000000000002	0.0010150460536952743
18.	0.0010135306455643276
18.01	0.0010120174020429524
18.02	0.0010105063192562523
18.03	0.0010089973933379499
18.04	0.0010074906204303698
18.05	0.0010059859966844193
18.06	0.0010044835182595499
18.07	0.001002983181323758
18.080000000000002	0.0010014849820535394
18.09	0.0009999889166338826
18.1	0.000998494981258236
18.11	0.000997003172128493
18.12	0.000995513485454963
18.13	0.00099402591745635
18.14	0.000992540464359736
18.150000000000002	0.0009910571224005511
18.16	0.0009895758878225589
18.17	0.0009880967568778227
18.18	0.0009866197258266987
18.19	0.000985144790937801
18.2	0.0009836719484879865
18.21	0.0009822011947623287
18.22	0.0009807325260541048
18.23	0.0009792659386647577
18.240000000000002	0.0009778014289038906
18.25	0.0009763389930892372
18.26	0.000974878627546641
18.27	0.0009734203286100333
18.28	0.0009719640926214168
18.29	0.0009705099159308363
18.3	0.0009690577948963635
18.31	0.0009676077258840714
18.32	0.0009661597052680196
18.330000000000002	0.000964713729430223
18.34	0.0009632697947606418
18.35	0.0009618278976571508
18.36	0.0009603880345255303
18.37	0.000958950201779429
18.38	0.000957514395840361
18.39	0.0009560806131376681
18.400000000000002	0.0009546488501085126
18.41	0.0009532191031978503
18.42	0.0009517913688584099
18.43	0.0009503656435506763
18.44	0.0009489419237428643
18.45	0.0009475202059109054
18.46	0.0009461004865384215
18.47	0.0009446827621167054
18.48	0.0009432670291447054
18.490000000000002	0.000941853284128998
18.5	0.0009404415235837793
18.51	0.0009390317440308284
18.52	0.000937623941999503
18.53	0.0009362181140267095
18.54	0.0009348142566568887
18.55	0.0009334123664419936
18.56	0.0009320124399414716
18.57	0.000930614473722243
18.580000000000002	0.0009292184643586804
18.59	0.0009278244084325966
18.6	0.0009264323025332109
18.61	0.0009250421432571452
18.62	0.0009236539272083961
18.63	0.0009222676509983163
18.64	0.0009208833112455982
18.650000000000002	0.0009195009045762506
18.66	0.0009181204276235862
18.67	0.0009167418770281954
18.68	0.0009153652494379294
18.69	0.0009139905415078851
18.7	0.0009126177499003844
18.71	0.0009112468712849512
18.72	0.0009098779023382961
18.73	0.0009085108397443014
18.740000000000002	0.0009071456801939952
18.75	0.000905782420385537
18.76	0.000904421057024202
18.77	0.0009030615868223537
18.78	0.0009017040064994345
18.79	0.000900348312781943
18.8	0.0008989945024034164
18.81	0.0008976425721044146
18.82	0.0008962925186324973
18.830000000000002	0.0008949443387422081
18.84	0.0008935980291950613
18.85	0.0008922535867595141
18.86	0.0008909110082109576
18.87	0.000889570290331693
18.88	0.0008882314299109198
18.89	0.0008868944237447097
18.900000000000002	0.0008855592686359943
18.91	0.0008842259613945518
18.92	0.0008828944988369758
18.93	0.000881564877786677
18.94	0.0008802370950738415
18.95	0.000878911147535438
18.96	0.0008775870320151838
18.97	0.0008762647453635303
18.98	0.000874944284437657
18.990000000000002	0.0008736256461014363
19.	0.0008723088272254301
19.01	0.0008709938246868632
19.02	0.000869680635369618
19.03	0.0008683692561642023
19.04	0.0008670596839677496
19.05	0.0008657519156839824
19.06	0.0008644459482232136
19.07	0.0008631417785023188
19.080000000000002	0.0008618394034447214
19.09	0.0008605388199803825
19.1	0.000859240025045771
19.11	0.0008579430155838591
19.12	0.0008566477885441011
19.13	0.0008553543408824166
19.14	0.0008540626695611729
19.150000000000002	0.0008527727715491725
19.16	0.0008514846438216337
19.17	0.0008501982833601729
19.18	0.0008489136871527922
19.19	0.0008476308521938611
19.2	0.0008463497754840991
19.21	0.0008450704540305608
19.22	0.000843792884846621
19.23	0.0008425170649519585
19.240000000000002	0.0008412429913725374
19.25	0.0008399706611405903
19.26	0.0008387000712946099
19.27	0.0008374312188793245
19.28	0.0008361641009456879
19.29	0.0008348987145508614
19.3	0.0008336350567581947
19.31	0.0008323731246372182
19.32	0.0008311129152636223
19.330000000000002	0.0008298544257192362
19.34	0.0008285976530920291
19.35	0.000827342594476074
19.36	0.0008260892469715512
19.37	0.0008248376076847153
19.38	0.0008235876737278971
19.39	0.0008223394422194716
19.400000000000002	0.0008210929102838582
19.41	0.0008198480750514957
19.42	0.0008186049336588268
19.43	0.0008173634832482908
19.44	0.0008161237209682984
19.45	0.0008148856439732251
19.46	0.0008136492494233932
19.47	0.0008124145344850542
19.48	0.0008111814963303768
19.490000000000002	0.0008099501321374338
19.5	0.000808720439090183
19.51	0.0008074924143784531
19.52	0.0008062660551979341
19.53	0.0008050413587501542
19.54	0.0008038183222424739
19.55	0.000802596942888064
19.56	0.0008013772179058939
19.57	0.0008001591445207211
19.580000000000002	0.0007989427199630694
19.59	0.0007977279414692216
19.6	0.0007965148062811961
19.61	0.0007953033116467449
19.62	0.0007940934548193252
19.63	0.0007928852330580991
19.64	0.0007916786436279076
19.650000000000002	0.0007904736837992638
19.66	0.0007892703508483385
19.67	0.0007880686420569365
19.68	0.000786868554712501
19.69	0.0007856700861080783
19.7	0.0007844732335423218
19.71	0.0007832779943194627
19.72	0.0007820843657493127
19.73	0.0007808923451472338
19.740000000000002	0.0007797019298341362
19.75	0.0007785131171364614
19.76	0.0007773259043861605
19.77	0.0007761402889206963
19.78	0.0007749562680830126
19.79	0.0007737738392215344
19.8	0.0007725929996901441
19.81	0.0007714137468481795
19.82	0.0007702360780604021
19.830000000000002	0.0007690599906970061
19.84	0.0007678854821335894
19.85	0.0007667125497511395
19.86	0.0007655411909360335
19.87	0.0007643714030800096
19.88	0.0007632031835801663
19.89	0.0007620365298389391
19.900000000000002	0.000760871439264095
19.91	0.0007597079092687134
19.92	0.000758545937271178
19.93	0.0007573855206951589
19.94	0.0007562266569696059
19.95	0.0007550693435287285
19.96	0.0007539135778119848
19.97	0.0007527593572640772
19.98	0.0007516066793349218
19.990000000000002	0.0007504555414796543
20.	0.0007493059411586062